0 0.078125 0.4734375 0.01171875 0.009375
0 0.08828125 0.44921875 0.01484375 0.01015625
0 0.11875 0.4640625 0.00859375 0.00703125
0 0.1078125 0.48515625 0.021875 0.01484375
0 0.1078125 0.51171875 0.01328125 0.0078125
0 0.15859375 0.509375 0.01484375 0.0125
0 0.21328125 0.50078125 0.009375 0.00390625
0 0.2171875 0.49375 0.01796875 0.0078125
0 0.1828125 0.5296875 0.0140625 0.00703125
0 0.20546875 0.54453125 0.02109375 0.009375
0 0.27734375 0.54765625 0.0203125 0.0078125
0 0.30390625 0.56328125 0.01171875 0.01640625
0 0.2703125 0.56640625 0.02578125 0.01875
0 0.2375 0.565625 0.00546875 0.00390625
0 0.23828125 0.55703125 0.003125 0.00234375
0 0.2515625 0.56484375 0.0046875 0.00390625
0 0.16953125 0.55 0.0546875 0.0296875
0 0.61328125 0.50703125 0.01953125 0.01171875
0 0.60390625 0.4875 0.00390625 0.003125
0 0.59453125 0.50390625 0.0046875 0.003125
0 0.62265625 0.4921875 0.00546875 0.00390625
0 0.63359375 0.49609375 0.00546875 0.003125
0 0.5375 0.39921875 0.015625 0.01171875
0 0.603125 0.19453125 0.01171875 0.009375
0 0.7703125 0.2421875 0.00546875 0.003125
0 0.79296875 0.065625 0.0046875 0.0046875
0 0.771875 0.0765625 0.00390625 0.00390625
0 0.7765625 0.0796875 0.003125 0.00234375
0 0.78515625 0.08046875 0.00546875 0.003125
0 0.7921875 0.0765625 0.00546875 0.003125
0 0.79765625 0.084375 0.003125 0.00234375
0 0.8015625 0.08125 0.003125 0.00234375