0 0.56640625 0.6078125 0.05859375 0.0265625
0 0.134375 0.59609375 0.02109375 0.0140625
0 0.15546875 0.72265625 0.02578125 0.01171875
0 0.10390625 0.67890625 0.040625 0.0203125
0 0.1765625 0.5984375 0.01171875 0.015625
0 0.2875 0.51484375 0.0140625 0.01328125
0 0.26171875 0.51796875 0.01015625 0.00703125
0 0.2375 0.50078125 0.01015625 0.0046875
0 0.6640625 0.47578125 0.015625 0.01171875
0 0.825 0.56015625 0.0171875 0.0125
0 0.5515625 0.6625 0.09765625 0.07578125
0 0.60234375 0.55546875 0.03828125 0.01796875
0 0.33046875 0.62734375 0.0515625 0.02734375
0 0.271875 0.640625 0.034375 0.02109375
0 0.16015625 0.67265625 0.0203125 0.01484375
0 0.41953125 0.75859375 0.02734375 0.0171875
0 0.428125 0.71015625 0.10078125 0.01484375
0 0.64296875 0.60859375 0.0234375 0.01171875
0 0.61796875 0.590625 0.0109375 0.0078125
0 0.640625 0.57734375 0.0109375 0.0078125
0 0.0953125 0.48046875 0.0171875 0.0078125
0 0.1640625 0.56484375 0.0109375 0.0078125
0 0.1203125 0.565625 0.01875 0.01640625
0 0.90234375 0.5140625 0.03515625 0.03203125
0 0.60859375 0.35859375 0.00625 0.00546875
0 0.6296875 0.328125 0.0078125 0.00546875
0 0.3078125 0.371875 0.00859375 0.0078125
0 0.2734375 0.603125 0.009375 0.0078125
0 0.2515625 0.56484375 0.0109375 0.00625