0 0.5265625 0.56640625 0.02265625 0.01484375
0 0.51328125 0.54921875 0.0078125 0.00625
0 0.4578125 0.58828125 0.00703125 0.00625
0 0.40390625 0.5578125 0.015625 0.0125
0 0.809375 0.56953125 0.009375 0.00703125
0 0.778125 0.559375 0.009375 0.00703125
0 0.75078125 0.55859375 0.00546875 0.0046875
0 0.75859375 0.56640625 0.0046875 0.00390625
0 0.775 0.540625 0.00546875 0.003125
0 0.7859375 0.5375 0.0046875 0.00390625
0 0.76953125 0.5484375 0.00859375 0.00390625
0 0.77109375 0.55546875 0.00859375 0.00390625
0 0.6390625 0.3859375 0.0125 0.00625
0 0.3671875 0.2765625 0.02265625 0.00703125
0 0.190625 0.24609375 0.00859375 0.01015625
0 0.428125 0.1796875 0.015625 0.0078125
0 0.421875 0.17421875 0.00703125 0.00390625
0 0.346875 0.17421875 0.00546875 0.0046875
0 0.3765625 0.1578125 0.0109375 0.00546875
0 0.4015625 0.15625 0.01171875 0.00546875
0 0.43125 0.15703125 0.0125 0.0046875
0 0.47734375 0.15546875 0.01640625 0.00625
0 0.50078125 0.15546875 0.00859375 0.003125
0 0.4984375 0.1671875 0.00625 0.00390625
0 0.5296875 0.16953125 0.00859375 0.00546875
0 0.34140625 0.1671875 0.00625 0.00390625
0 0.315625 0.1671875 0.00859375 0.003125
0 0.33125 0.16328125 0.0140625 0.0046875