0 0.48203125 0.28515625 0.02421875 0.0125
0 0.5078125 0.2734375 0.01640625 0.0109375
0 0.55625 0.2859375 0.0109375 0.00703125
0 0.5515625 0.21328125 0.0109375 0.009375
0 0.5359375 0.17734375 0.0203125 0.0125
0 0.49921875 0.18828125 0.0171875 0.01015625
0 0.50703125 0.20625 0.009375 0.0078125
0 0.65234375 0.240625 0.00859375 0.00625
0 0.740625 0.2578125 0.01796875 0.00859375
0 0.73359375 0.31796875 0.0203125 0.0125
0 0.73046875 0.50859375 0.0140625 0.0125
0 0.28515625 0.17890625 0.009375 0.009375
0 0.31328125 0.1921875 0.0203125 0.015625
0 0.359375 0.17109375 0.03828125 0.01171875
0 0.65234375 0.60546875 0.00859375 0.00703125
0 0.653125 0.5953125 0.00546875 0.003125
0 0.64765625 0.58984375 0.00390625 0.003125
0 0.69375 0.575 0.00390625 0.00234375
0 0.7046875 0.571875 0.00546875 0.003125
0 0.71640625 0.58515625 0.00390625 0.003125
0 0.38515625 0.1109375 0.0140625 0.00625
0 0.36171875 0.11328125 0.0109375 0.00625
0 0.42109375 0.1171875 0.01484375 0.0109375
0 0.4671875 0.12421875 0.0359375 0.0203125