0 0.5359375 0.42109375 0.059375 0.04453125
0 0.5921875 0.46875 0.05703125 0.0515625
0 0.63125 0.3921875 0.03125 0.0296875
0 0.69296875 0.44140625 0.03125 0.02421875
0 0.57578125 0.55 0.0296875 0.02109375
0 0.55703125 0.68671875 0.021875 0.0203125
0 0.54609375 0.759375 0.0515625 0.06015625
0 0.39453125 0.52734375 0.0625 0.028125
0 0.515625 0.32421875 0.05703125 0.03828125
0 0.75703125 0.26328125 0.02734375 0.02109375
0 0.4953125 0.19921875 0.0328125 0.0171875
0 0.28515625 0.05078125 0.0375 0.02265625
0 0.58203125 0.51796875 0.071875 0.040625
0 0.584375 0.34296875 0.021875 0.02265625
0 0.78359375 0.18984375 0.04765625 0.04140625