0 0.265625 0.3875 0.04296875 0.0265625
0 0.3546875 0.41171875 0.04921875 0.021875
0 0.309375 0.42421875 0.01015625 0.0078125
0 0.28828125 0.41171875 0.009375 0.00703125
0 0.25078125 0.41796875 0.01953125 0.0125
0 0.19140625 0.37578125 0.103125 0.05625
0 0.0625 0.303125 0.03515625 0.025
0 0.09296875 0.3203125 0.01640625 0.009375
0 0.31875 0.53203125 0.01484375 0.01484375
0 0.4921875 0.45 0.0203125 0.01484375
0 0.7859375 0.43359375 0.0171875 0.009375
0 0.4421875 0.278125 0.01484375 0.00703125
0 0.41875 0.27890625 0.00859375 0.00390625
0 0.4390625 0.26875 0.01015625 0.0078125
0 0.4640625 0.26015625 0.01015625 0.0078125
0 0.5421875 0.2234375 0.0109375 0.00703125
0 0.334375 0.2328125 0.01484375 0.009375
0 0.37734375 0.24140625 0.0078125 0.00625
0 0.33046875 0.246875 0.01640625 0.00625
0 0.38984375 0.5796875 0.04609375 0.021875
0 0.25546875 0.2953125 0.05234375 0.05
0 0.1765625 0.2484375 0.02890625 0.01640625
0 0.2203125 0.228125 0.065625 0.02578125
0 0.4328125 0.5328125 0.01875 0.01171875
0 0.70859375 0.271875 0.01328125 0.00703125
0 0.06953125 0.34453125 0.02265625 0.01796875