0 0.37578125 0.30546875 0.03125 0.02734375
0 0.7203125 0.35703125 0.040625 0.0234375
0 0.83984375 0.25234375 0.0234375 0.02109375
0 0.9140625 0.20859375 0.034375 0.02578125
0 0.7046875 0.2046875 0.03984375 0.03515625
0 0.6265625 0.159375 0.0421875 0.02421875
0 0.61953125 0.33515625 0.0140625 0.01328125
0 0.61484375 0.3796875 0.02890625 0.01796875
0 0.43359375 0.578125 0.04609375 0.03203125
0 0.23203125 0.55 0.0359375 0.02421875
0 0.375 0.38359375 0.021875 0.025
0 0.40625 0.3328125 0.01875 0.01875
0 0.5984375 0.5015625 0.0171875 0.0125
0 0.4734375 0.53828125 0.01171875 0.01015625
0 0.38515625 0.56015625 0.0140625 0.009375
0 0.68515625 0.403125 0.03125 0.02265625
0 0.6765625 0.3265625 0.02265625 0.0140625
0 0.8984375 0.28671875 0.04921875 0.02890625
0 0.9359375 0.26640625 0.02109375 0.015625
0 0.91171875 0.3515625 0.0109375 0.01953125
0 0.821875 0.31328125 0.0171875 0.0171875
0 0.95 0.2390625 0.01953125 0.01015625
0 0.88125 0.1375 0.01640625 0.0140625
0 0.96015625 0.11484375 0.015625 0.0171875
0 0.9046875 0.1890625 0.0203125 0.00859375
0 0.84765625 0.2296875 0.02109375 0.00859375
0 0.88359375 0.23671875 0.00703125 0.00390625
0 0.9140625 0.240625 0.01328125 0.00859375
0 0.97265625 0.27421875 0.00546875 0.0109375
0 0.9359375 0.2921875 0.0125 0.01171875
0 0.9671875 0.28203125 0.00859375 0.00859375
0 0.940625 0.278125 0.02109375 0.003125
0 0.9546875 0.26875 0.00625 0.0078125
0 0.88125 0.2625 0.0046875 0.00234375
0 0.8953125 0.32109375 0.01796875 0.01328125
0 0.67578125 0.38359375 0.0109375 0.00625
0 0.65546875 0.38125 0.00625 0.00390625
0 0.58984375 0.384375 0.0078125 0.00625
0 0.58828125 0.3671875 0.00625 0.00625
0 0.50234375 0.47421875 0.015625 0.01484375
0 0.46796875 0.50859375 0.00859375 0.00625
0 0.23046875 0.15 0.01015625 0.009375
0 0.6609375 0.1375 0.0125 0.01171875
0 0.65703125 0.18046875 0.0046875 0.00859375
0 0.7625 0.22734375 0.0078125 0.00859375
0 0.84453125 0.20703125 0.01328125 0.0078125
0 0.809375 0.22421875 0.009375 0.00546875
0 0.93828125 0.1921875 0.0125 0.009375
0 0.94921875 0.20390625 0.0125 0.00859375
0 0.621875 0.23203125 0.01171875 0.00859375
0 0.56171875 0.2828125 0.0203125 0.00703125