0 0.4203125 0.0765625 0.00859375 0.00546875
0 0.44296875 0.07578125 0.0125 0.009375
0 0.484375 0.0703125 0.0109375 0.0078125
0 0.35859375 0.071875 0.00625 0.00625
0 0.3640625 0.084375 0.00859375 0.00703125
0 0.4765625 0.08203125 0.00859375 0.0078125
0 0.5046875 0.0796875 0.009375 0.00625
0 0.53203125 0.0828125 0.0078125 0.00546875
0 0.52890625 0.09765625 0.01015625 0.0109375
0 0.51640625 0.0984375 0.01484375 0.0171875
0 0.4828125 0.1140625 0.0109375 0.00859375
0 0.4640625 0.10703125 0.00546875 0.00703125
0 0.4796875 0.0890625 0.015625 0.00546875
0 0.56953125 0.11328125 0.00703125 0.00546875
0 0.61328125 0.13515625 0.00859375 0.0078125
0 0.58125 0.178125 0.01171875 0.01484375
0 0.42109375 0.1609375 0.03203125 0.0109375
0 0.3453125 0.16953125 0.01328125 0.0046875
0 0.37421875 0.18828125 0.0078125 0.0203125
0 0.3640625 0.19296875 0.0109375 0.00859375
0 0.34609375 0.178125 0.00703125 0.00625
0 0.4484375 0.1984375 0.00703125 0.00546875
0 0.50078125 0.22890625 0.00703125 0.00859375
0 0.55 0.21171875 0.00703125 0.00625
0 0.58984375 0.21953125 0.009375 0.00703125
0 0.61953125 0.19453125 0.009375 0.01015625
0 0.5453125 0.18671875 0.0125 0.0109375
0 0.54296875 0.13359375 0.01015625 0.00390625
0 0.5171875 0.30703125 0.01484375 0.009375
0 0.54140625 0.2953125 0.01484375 0.00546875
0 0.5828125 0.3109375 0.009375 0.0078125
0 0.7265625 0.3578125 0.009375 0.01015625
0 0.75234375 0.28828125 0.0140625 0.00859375
0 0.678125 0.26328125 0.0046875 0.00546875
0 0.7296875 0.275 0.00859375 0.00546875
0 0.73125 0.30859375 0.00703125 0.00546875
0 0.7125 0.2296875 0.00625 0.0078125
0 0.6796875 0.54609375 0.00703125 0.0109375
0 0.603125 0.6265625 0.0046875 0.0046875
0 0.603125 0.6125 0.00234375 0.0046875
0 0.63828125 0.60546875 0.00546875 0.003125
0 0.64609375 0.603125 0.0046875 0.0046875
0 0.6515625 0.61875 0.00703125 0.003125
0 0.6796875 0.6046875 0.00859375 0.003125
0 0.5640625 0.665625 0.00390625 0.00546875
0 0.584375 0.66796875 0.009375 0.00234375
0 0.53203125 0.10703125 0.01171875 0.003125
0 0.5328125 0.08828125 0.0140625 0.00390625
0 0.45078125 0.140625 0.00546875 0.00390625
0 0.39453125 0.17734375 0.00390625 0.00234375
0 0.41640625 0.17421875 0.00703125 0.00234375
0 0.453125 0.121875 0.00703125 0.00234375
0 0.5625 0.1078125 0.00859375 0.00390625
0 0.51875 0.08359375 0.00703125 0.00859375
0 0.49609375 0.08828125 0.00625 0.00546875
0 0.49765625 0.1 0.00703125 0.003125