0 0.53515625 0.2625 0.02578125 0.02265625
0 0.453125 0.26015625 0.01953125 0.01484375
0 0.50625 0.27734375 0.01796875 0.0125
0 0.34140625 0.31796875 0.01640625 0.0140625
0 0.24453125 0.28359375 0.0265625 0.01640625
0 0.27734375 0.20078125 0.0234375 0.0125
0 0.67109375 0.1625 0.015625 0.0140625
0 0.44921875 0.37890625 0.025 0.01484375
0 0.41328125 0.40703125 0.025 0.0203125
0 0.46875 0.43046875 0.02578125 0.02109375
0 0.503125 0.38515625 0.0140625 0.0109375
0 0.5109375 0.41875 0.03125 0.02109375
0 0.675 0.44375 0.0421875 0.01875
0 0.72890625 0.40078125 0.025 0.03125
0 0.59375 0.5125 0.02890625 0.021875
0 0.53828125 0.53515625 0.03125 0.02578125
0 0.56953125 0.55703125 0.01640625 0.01328125
0 0.6046875 0.55234375 0.02578125 0.02109375
0 0.6484375 0.56015625 0.02109375 0.01875
0 0.675 0.56484375 0.01171875 0.01953125
0 0.75078125 0.54453125 0.0203125 0.00859375
0 0.76328125 0.421875 0.01796875 0.0265625
0 0.7671875 0.59921875 0.01015625 0.0078125
0 0.78828125 0.56953125 0.01015625 0.0125
0 0.7609375 0.55703125 0.01484375 0.00859375
0 0.628125 0.39375 0.01015625 0.01015625
0 0.56328125 0.35625 0.01796875 0.00625
0 0.29921875 0.353125 0.01171875 0.009375
0 0.271875 0.2640625 0.01015625 0.00234375
0 0.27734375 0.3 0.0140625 0.00703125
0 0.453125 0.51640625 0.01484375 0.01015625
0 0.4859375 0.51796875 0.0203125 0.0125
0 0.51875 0.4890625 0.01640625 0.009375
0 0.53515625 0.5515625 0.0234375 0.0078125
0 0.5671875 0.5359375 0.02421875 0.01796875
0 0.6390625 0.46796875 0.009375 0.00859375
0 0.63046875 0.49765625 0.00703125 0.00859375
0 0.65859375 0.51875 0.0109375 0.00703125
0 0.61875 0.51796875 0.0109375 0.0125
0 0.45234375 0.4921875 0.0140625 0.00703125