0 0.55390625 0.40859375 0.015625 0.0078125
0 0.440625 0.42578125 0.01796875 0.00859375
0 0.47734375 0.403125 0.0125 0.0109375
0 0.490625 0.4171875 0.01015625 0.0046875
0 0.5015625 0.43125 0.0125 0.01015625
0 0.321875 0.4609375 0.02109375 0.0125
0 0.3796875 0.43828125 0.01640625 0.00859375
0 0.3921875 0.41875 0.01328125 0.003125
0 0.41328125 0.4328125 0.01328125 0.00546875
0 0.4359375 0.4328125 0.0046875 0.003125
0 0.44609375 0.4328125 0.00546875 0.003125
0 0.35 0.48984375 0.01015625 0.0046875
0 0.353125 0.46484375 0.01015625 0.009375
0 0.29375 0.478125 0.01484375 0.00859375
0 0.29609375 0.4578125 0.00625 0.0046875
0 0.26171875 0.47578125 0.01171875 0.009375
0 0.31953125 0.49453125 0.00703125 0.00546875
0 0.70390625 0.4109375 0.00703125 0.01328125
0 0.49765625 0.36328125 0.01484375 0.0078125
0 0.43203125 0.37578125 0.00625 0.0078125
0 0.49296875 0.39140625 0.0109375 0.00625
0 0.40078125 0.45234375 0.00625 0.00234375
0 0.41171875 0.45859375 0.00390625 0.00390625
0 0.42265625 0.4375 0.00390625 0.00625
0 0.4296875 0.43515625 0.00234375 0.00546875
0 0.4421875 0.4453125 0.00078125 0.00625