0 0.45078125 0.61875 0.0140625 0.01484375
0 0.59921875 0.47734375 0.05234375 0.02265625
0 0.57421875 0.53125 0.09765625 0.0734375
0 0.64375 0.52734375 0.01015625 0.00859375
0 0.65625 0.46171875 0.0078125 0.00703125
0 0.6796875 0.4484375 0.0140625 0.00859375
0 0.640625 0.425 0.04296875 0.02421875
0 0.678125 0.48203125 0.0296875 0.01328125
0 0.3 0.49609375 0.05078125 0.0234375
0 0.3671875 0.484375 0.05546875 0.0203125
0 0.3859375 0.5046875 0.01171875 0.00703125
0 0.1875 0.57109375 0.01796875 0.01328125
0 0.1859375 0.52265625 0.0390625 0.01796875
0 0.16484375 0.55390625 0.0171875 0.009375
0 0.15703125 0.43984375 0.01875 0.01015625
0 0.134375 0.521875 0.05390625 0.02734375
0 0.09453125 0.4984375 0.0359375 0.01640625
0 0.0859375 0.46875 0.015625 0.009375
0 0.18671875 0.409375 0.0140625 0.01015625
0 0.14609375 0.41015625 0.03515625 0.02109375
0 0.31328125 0.3625 0.01796875 0.009375
0 0.2859375 0.365625 0.01328125 0.00859375
0 0.2609375 0.34765625 0.0140625 0.00546875
0 0.1109375 0.3140625 0.015625 0.0109375
0 0.1765625 0.284375 0.0109375 0.01015625
0 0.15 0.35078125 0.0140625 0.00703125
0 0.3375 0.20390625 0.009375 0.00859375
0 0.71484375 0.34453125 0.02265625 0.0171875
0 0.86953125 0.43828125 0.01328125 0.01328125
0 0.6921875 0.5265625 0.021875 0.01640625