0 0.61015625 0.65859375 0.05703125 0.03515625
0 0.63046875 0.571875 0.02578125 0.01953125
0 0.44140625 0.30234375 0.04296875 0.03359375
0 0.23046875 0.24140625 0.0421875 0.02421875
0 0.49375 0.153125 0.05859375 0.0296875
0 0.47890625 0.12578125 0.059375 0.0328125
0 0.5671875 0.034375 0.03828125 0.03046875
0 0.5546875 0.0515625 0.03671875 0.02265625
0 0.41796875 0.1578125 0.0328125 0.01953125
0 0.47890625 0.18984375 0.05 0.02265625
0 0.24609375 0.3046875 0.01640625 0.0140625
0 0.45390625 0.56484375 0.0171875 0.01328125