0 0.7453125 0.84453125 0.01640625 0.01640625
0 0.5984375 0.76640625 0.05390625 0.02734375
0 0.63828125 0.71875 0.07421875 0.0375
0 0.6921875 0.89609375 0.025 0.0171875
0 0.66640625 0.90390625 0.01953125 0.01484375
0 0.61484375 0.91484375 0.0203125 0.0140625
0 0.57109375 0.87265625 0.02265625 0.02109375
0 0.525 0.9203125 0.08515625 0.04296875
0 0.4625 0.92890625 0.021875 0.0140625
0 0.39765625 0.8375 0.025 0.01484375
0 0.43203125 0.8078125 0.0265625 0.0140625
0 0.35078125 0.79296875 0.01171875 0.0078125
0 0.3328125 0.825 0.05625 0.021875
0 0.10625 0.78046875 0.04296875 0.02421875
0 0.103125 0.70234375 0.015625 0.009375
0 0.2953125 0.6875 0.01171875 0.009375
0 0.34921875 0.6828125 0.01796875 0.01171875
0 0.36640625 0.6625 0.0203125 0.0140625
0 0.884375 0.75078125 0.021875 0.01171875
0 0.91484375 0.8 0.04921875 0.0484375
0 0.93515625 0.7109375 0.0515625 0.02578125
0 0.809375 0.63671875 0.09453125 0.04765625
0 0.8015625 0.5921875 0.075 0.03515625
0 0.72890625 0.57265625 0.046875 0.03125
0 0.778125 0.5359375 0.0234375 0.01484375
0 0.7328125 0.53359375 0.00546875 0.00703125
0 0.7234375 0.5125 0.009375 0.00703125
0 0.66953125 0.51640625 0.0375 0.0234375
0 0.59140625 0.42734375 0.01875 0.01328125
0 0.7921875 0.421875 0.0171875 0.0109375
0 0.77734375 0.36015625 0.02734375 0.03515625
0 0.35625 0.346875 0.01015625 0.00546875
0 0.440625 0.32421875 0.0046875 0.00390625
0 0.0875 0.52109375 0.01328125 0.01171875