0 0.43515625 0.20078125 0.025 0.0125
0 0.52890625 0.19453125 0.01484375 0.01875
0 0.4796875 0.1515625 0.0125 0.01640625
0 0.50625 0.1640625 0.01171875 0.01640625
0 0.5546875 0.140625 0.01875 0.0171875
0 0.62578125 0.165625 0.021875 0.01640625
0 0.59140625 0.16171875 0.01015625 0.00859375
0 0.58203125 0.12421875 0.015625 0.0109375
0 0.61953125 0.115625 0.0203125 0.01640625
0 0.67109375 0.07890625 0.01953125 0.01796875
0 0.703125 0.09140625 0.009375 0.01015625
0 0.73359375 0.0734375 0.01328125 0.0171875
0 0.6921875 0.06171875 0.0125 0.01015625
0 0.553125 0.1234375 0.0125 0.009375
0 0.53984375 0.11328125 0.0125 0.00859375
0 0.60234375 0.0734375 0.00859375 0.0046875
0 0.65625 0.0453125 0.0109375 0.01171875
0 0.5671875 0.0921875 0.00859375 0.00390625
0 0.55625 0.10703125 0.009375 0.00625
0 0.5296875 0.12109375 0.00703125 0.00625
0 0.58046875 0.09453125 0.00859375 0.00859375
0 0.6203125 0.05390625 0.0046875 0.00390625
0 0.66015625 0.02890625 0.00390625 0.00390625
0 0.60546875 0.2875 0.00546875 0.00625
0 0.4640625 0.28046875 0.0109375 0.00390625
0 0.5140625 0.26640625 0.009375 0.00625
0 0.27109375 0.2890625 0.01328125 0.00546875