0 0.603125 0.63125 0.015625 0.0125
0 0.60546875 0.6453125 0.01484375 0.01015625
0 0.51640625 0.62578125 0.04609375 0.02421875
0 0.46640625 0.6046875 0.025 0.01484375
0 0.42890625 0.59921875 0.01953125 0.0125
0 0.4 0.58671875 0.0125 0.0109375
0 0.47265625 0.56171875 0.0234375 0.01484375
0 0.42109375 0.56796875 0.0421875 0.02578125
0 0.4640625 0.58984375 0.01953125 0.01328125
0 0.57890625 0.515625 0.04140625 0.02265625
0 0.6546875 0.5046875 0.04375 0.0484375
0 0.5328125 0.29921875 0.02890625 0.02109375
0 0.49375 0.309375 0.0234375 0.01171875
0 0.53203125 0.32890625 0.009375 0.01015625
0 0.4515625 0.27734375 0.0203125 0.01328125
0 0.2953125 0.16875 0.021875 0.01328125
0 0.22890625 0.25 0.0375 0.02734375
0 0.3109375 0.30859375 0.01015625 0.00859375
0 0.34921875 0.41484375 0.03046875 0.02421875
0 0.39609375 0.39765625 0.0171875 0.0125
0 0.44375 0.4171875 0.01171875 0.0078125
0 0.38515625 0.453125 0.0328125 0.02265625
0 0.43828125 0.4515625 0.01484375 0.0171875
0 0.70859375 0.25234375 0.034375 0.03046875