0 0.3109375 0.3484375 0.02265625 0.015625
0 0.19296875 0.4265625 0.0140625 0.00625
0 0.184375 0.4203125 0.00390625 0.00234375
0 0.18359375 0.4234375 0.003125 0.0015625
0 0.20859375 0.42578125 0.00390625 0.00234375
0 0.20546875 0.43359375 0.00390625 0.00234375
0 0.19453125 0.4125 0.003125 0.00234375
0 0.20859375 0.4140625 0.00234375 0.00234375
0 0.1078125 0.18046875 0.0171875 0.0109375
0 0.0953125 0.18125 0.0078125 0.00546875
0 0.0390625 0.19453125 0.0125 0.00859375
0 0.046875 0.175 0.01015625 0.00859375
0 0.0625 0.153125 0.0125 0.009375
0 0.05546875 0.2375 0.0203125 0.0109375
0 0.04375 0.2578125 0.01484375 0.0125
0 0.03359375 0.2390625 0.0140625 0.01484375
0 0.04765625 0.12265625 0.009375 0.00703125
0 0.0796875 0.1109375 0.01796875 0.01328125
0 0.11171875 0.10703125 0.0078125 0.00546875
0 0.0859375 0.0875 0.009375 0.00625
0 0.1265625 0.08046875 0.0125 0.009375
0 0.05234375 0.08515625 0.00390625 0.00234375
0 0.05625 0.08828125 0.00390625 0.003125
0 0.05 0.090625 0.003125 0.00234375
0 0.61640625 0.32109375 0.0078125 0.00546875
0 0.765625 0.50078125 0.0125 0.01015625
0 0.753125 0.49921875 0.0046875 0.003125
0 0.84140625 0.39921875 0.00390625 0.00390625
0 0.83828125 0.4046875 0.0046875 0.00234375
0 0.84609375 0.41171875 0.01640625 0.00703125
0 0.83828125 0.42109375 0.00390625 0.003125
0 0.846875 0.4234375 0.003125 0.003125
0 0.8703125 0.41171875 0.00625 0.00390625