0 0.41328125 0.22265625 0.01953125 0.0140625
0 0.6640625 0.11328125 0.0125 0.0078125
0 0.35 0.315625 0.0171875 0.00546875
0 0.359375 0.2984375 0.003125 0.003125
0 0.36640625 0.30859375 0.0046875 0.003125
0 0.36875 0.31484375 0.00390625 0.003125
0 0.91953125 0.190625 0.01171875 0.0109375
0 0.92265625 0.103125 0.00703125 0.00390625
0 0.9125 0.103125 0.0078125 0.0046875
0 0.90546875 0.09921875 0.00859375 0.003125
0 0.12109375 0.2078125 0.0171875 0.009375
0 0.090625 0.21328125 0.00625 0.00625
0 0.0828125 0.178125 0.01171875 0.00859375
0 0.08203125 0.1609375 0.0125 0.0078125
0 0.13984375 0.15546875 0.015625 0.01015625
0 0.128125 0.1578125 0.00625 0.00546875
0 0.08828125 0.14140625 0.01171875 0.0078125
0 0.06015625 0.125 0.0078125 0.0046875
0 0.084375 0.1109375 0.01640625 0.009375
0 0.109375 0.10390625 0.00546875 0.0046875
0 0.07890625 0.09453125 0.009375 0.00546875
0 0.109375 0.08671875 0.01171875 0.0046875
0 0.1203125 0.2234375 0.0125 0.01015625
0 0.10234375 0.2125 0.0109375 0.0125