0 0.3859375 0.5078125 0.03515625 0.0234375
0 0.3421875 0.5234375 0.04296875 0.0203125
0 0.16953125 0.515625 0.0171875 0.0140625
0 0.1328125 0.425 0.01796875 0.0125
0 0.24140625 0.36640625 0.0140625 0.0109375
0 0.23984375 0.42578125 0.01953125 0.0171875
0 0.27734375 0.43828125 0.025 0.01328125
0 0.58359375 0.59140625 0.01171875 0.01015625
0 0.609375 0.48203125 0.02109375 0.0109375
0 0.38125 0.3703125 0.01171875 0.0078125
0 0.39609375 0.30078125 0.01328125 0.00859375
0 0.65703125 0.55546875 0.01015625 0.0078125
0 0.47265625 0.4984375 0.0265625 0.0171875
0 0.4609375 0.52109375 0.00703125 0.00546875
0 0.4296875 0.5171875 0.00703125 0.0046875
0 0.76875 0.38828125 0.00625 0.0046875
0 0.28984375 0.5171875 0.0578125 0.03203125
0 0.415625 0.53515625 0.0234375 0.00859375
0 0.26015625 0.45078125 0.00859375 0.00546875
0 0.5640625 0.2953125 0.00859375 0.00546875
0 0.15 0.39140625 0.0578125 0.0390625
0 0.3671875 0.5578125 0.01328125 0.01015625