0 0.56484375 0.234375 0.02265625 0.02578125
0 0.58828125 0.19140625 0.01484375 0.01328125
0 0.66328125 0.18359375 0.021875 0.015625
0 0.7 0.1796875 0.0171875 0.01015625
0 0.73671875 0.2078125 0.0140625 0.01015625
0 0.6890625 0.2109375 0.0125 0.01484375
0 0.62890625 0.165625 0.0125 0.00625
0 0.546875 0.1859375 0.01484375 0.01171875
0 0.5125 0.1875 0.01328125 0.01015625
0 0.45546875 0.22265625 0.01640625 0.01796875
0 0.37734375 0.19296875 0.0234375 0.01015625
0 0.37890625 0.28203125 0.01953125 0.00703125
0 0.46875 0.334375 0.00546875 0.00625
0 0.534375 0.2203125 0.0109375 0.00703125
0 0.453125 0.1890625 0.00859375 0.01328125
0 0.68046875 0.1546875 0.0140625 0.00546875
0 0.60078125 0.1546875 0.02265625 0.00546875
0 0.55625 0.15703125 0.0296875 0.00234375