0 0.4484375 0.21171875 0.01796875 0.00859375
0 0.47734375 0.2359375 0.01640625 0.00859375
0 0.48984375 0.2640625 0.0171875 0.0140625
0 0.46796875 0.3 0.02109375 0.01484375
0 0.5359375 0.303125 0.0234375 0.01484375
0 0.51171875 0.34296875 0.0140625 0.01015625
0 0.52734375 0.5140625 0.02109375 0.01328125
0 0.43046875 0.203125 0.01015625 0.00625
0 0.434375 0.21640625 0.0078125 0.00390625
0 0.51953125 0.26171875 0.00546875 0.003125
0 0.68046875 0.446875 0.0140625 0.0125
0 0.503125 0.29453125 0.01015625 0.01171875