0 0.61953125 0.4203125 0.04765625 0.0359375
0 0.67890625 0.4484375 0.03203125 0.02734375
0 0.57578125 0.51796875 0.0234375 0.02421875
0 0.73828125 0.58515625 0.0296875 0.0234375
0 0.76015625 0.621875 0.0296875 0.04140625
0 0.696875 0.259375 0.03203125 0.01796875
0 0.48828125 0.25234375 0.03125 0.02421875
0 0.2046875 0.1046875 0.0359375 0.0140625
0 0.56015625 0.3578125 0.02734375 0.01640625
0 0.62109375 0.3578125 0.0109375 0.01875
0 0.625 0.38359375 0.00859375 0.0140625
0 0.66484375 0.390625 0.0234375 0.02890625
0 0.73203125 0.4078125 0.0296875 0.0171875
0 0.65546875 0.43671875 0.01484375 0.015625
0 0.77578125 0.53984375 0.02109375 0.00859375
0 0.790625 0.55390625 0.01796875 0.0125
0 0.65 0.47421875 0.009375 0.009375
0 0.6703125 0.475 0.01640625 0.01171875
0 0.6921875 0.47734375 0.0171875 0.009375
0 0.69375 0.48671875 0.01171875 0.0046875
0 0.69609375 0.49921875 0.01171875 0.0140625
0 0.68125 0.5 0.009375 0.0078125
0 0.7171875 0.4875 0.00859375 0.00625
0 0.72109375 0.496875 0.01171875 0.009375
0 0.7046875 0.46875 0.01328125 0.01015625
0 0.7078125 0.434375 0.0109375 0.0078125
0 0.60234375 0.515625 0.01015625 0.01328125
0 0.69140625 0.55 0.01171875 0.01015625
0 0.6765625 0.56875 0.01171875 0.01015625
0 0.68828125 0.59609375 0.009375 0.009375
0 0.5609375 0.44609375 0.0078125 0.00546875
0 0.58203125 0.35234375 0.01171875 0.0125
0 0.22890625 0.15234375 0.0171875 0.00625
0 0.240625 0.20078125 0.00546875 0.00625
0 0.321875 0.12265625 0.00703125 0.0109375
0 0.615625 0.2171875 0.01484375 0.01015625
0 0.6875 0.19375 0.01328125 0.01875
0 0.678125 0.17890625 0.01015625 0.0078125
0 0.54375 0.3234375 0.009375 0.00390625
0 0.55859375 0.34375 0.00859375 0.00625
0 0.61640625 0.328125 0.0109375 0.00859375
0 0.596875 0.3390625 0.009375 0.00703125
0 0.56015625 0.3703125 0.00859375 0.00625
0 0.58984375 0.38984375 0.009375 0.0078125
0 0.478125 0.384375 0.0109375 0.00859375
0 0.54140625 0.4109375 0.00859375 0.00625
0 0.5609375 0.39921875 0.0078125 0.0046875
0 0.5703125 0.4109375 0.00546875 0.00546875
0 0.64453125 0.51875 0.009375 0.00703125
0 0.65703125 0.54296875 0.0078125 0.009375
0 0.765625 0.41875 0.0078125 0.00703125
0 0.75 0.2921875 0.00859375 0.009375
0 0.58125 0.365625 0.01015625 0.0078125
0 0.6015625 0.39765625 0.009375 0.0046875
0 0.61328125 0.4015625 0.0078125 0.0046875
0 0.68671875 0.4296875 0.00859375 0.00625
0 0.696875 0.41171875 0.0125 0.00546875
0 0.7234375 0.37265625 0.00546875 0.00703125