0 0.27734375 0.3296875 0.01328125 0.02109375
0 0.16953125 0.36953125 0.01171875 0.0234375
0 0.21796875 0.47109375 0.0109375 0.015625
0 0.24765625 0.5078125 0.0125 0.01171875
0 0.4140625 0.39296875 0.00859375 0.01484375
0 0.48671875 0.2421875 0.00625 0.015625
0 0.11796875 0.43515625 0.0140625 0.01640625
0 0.109375 0.4578125 0.00859375 0.01328125
0 0.67109375 0.28828125 0.00703125 0.01484375
0 0.86640625 0.4125 0.00859375 0.00703125
0 0.32421875 0.3296875 0.00390625 0.0140625
0 0.42421875 0.3421875 0.00859375 0.01171875
0 0.40234375 0.3703125 0.0046875 0.01953125
0 0.38828125 0.40234375 0.00546875 0.015625
0 0.28125 0.36171875 0.00546875 0.015625
0 0.32265625 0.39296875 0.0109375 0.01328125
0 0.19921875 0.3359375 0.01015625 0.0109375
0 0.2328125 0.30546875 0.00859375 0.0234375
0 0.30546875 0.30390625 0.01015625 0.0171875
0 0.42109375 0.221875 0.00859375 0.01484375
0 0.38671875 0.271875 0.00703125 0.0203125
0 0.73359375 0.3125 0.00625 0.01640625
0 0.7578125 0.34140625 0.00859375 0.01640625
0 0.13359375 0.41171875 0.00703125 0.01875
0 0.14296875 0.384375 0.00625 0.0171875
0 0.17890625 0.4046875 0.00859375 0.00703125
0 0.153125 0.3609375 0.00390625 0.01484375
0 0.215625 0.5375 0.00703125 0.01328125
0 0.1625 0.5546875 0.01171875 0.0109375
0 0.27578125 0.43984375 0.01015625 0.01484375
0 0.31015625 0.35859375 0.0125 0.009375
0 0.225 0.45546875 0.00703125 0.0109375
0 0.2328125 0.50625 0.01015625 0.01953125
0 0.040625 0.4953125 0.0078125 0.015625
0 0.05859375 0.521875 0.00703125 0.01171875
0 0.0765625 0.503125 0.00703125 0.01015625
0 0.23828125 0.471875 0.00703125 0.0171875
0 0.228125 0.5265625 0.00625 0.015625
0 0.15546875 0.3828125 0.00703125 0.0140625
0 0.14609375 0.4046875 0.00625 0.0109375
0 0.1828125 0.36484375 0.0046875 0.0109375
0 0.1234375 0.4015625 0.00625 0.0109375
0 0.21484375 0.35859375 0.01328125 0.0109375
0 0.153125 0.44921875 0.00703125 0.0078125
0 0.16171875 0.41640625 0.00703125 0.01171875
0 0.24765625 0.52265625 0.0125 0.00859375
0 0.20625 0.5515625 0.01484375 0.0109375
0 0.10390625 0.50390625 0.01171875 0.01171875
0 0.409375 0.2515625 0.01171875 0.01484375
0 0.4375 0.23828125 0.00546875 0.0109375
0 0.81484375 0.35546875 0.00390625 0.0109375
0 0.75078125 0.30078125 0.00703125 0.009375
0 0.73515625 0.27890625 0.00546875 0.0109375
0 0.6734375 0.25390625 0.00625 0.01640625
0 0.359375 0.23515625 0.00703125 0.00546875
0 0.11875 0.53046875 0.0046875 0.009375
0 0.18203125 0.4328125 0.0125 0.0140625
0 0.203125 0.4359375 0.00703125 0.01328125