0 0.12578125 0.3578125 0.02109375 0.01640625
0 0.22421875 0.30546875 0.01875 0.0109375
0 0.18671875 0.41875 0.01015625 0.00625
0 0.428125 0.153125 0.015625 0.00859375
0 0.1796875 0.5234375 0.03515625 0.01953125
0 0.20078125 0.57421875 0.0359375 0.021875
0 0.2671875 0.57734375 0.01796875 0.009375
0 0.265625 0.58984375 0.00703125 0.00390625
0 0.28828125 0.54140625 0.009375 0.00703125
0 0.2828125 0.553125 0.00546875 0.00390625
0 0.2421875 0.515625 0.01484375 0.00859375
0 0.4203125 0.678125 0.0578125 0.03515625
0 0.52578125 0.65234375 0.05234375 0.0359375
0 0.26484375 0.7265625 0.0375 0.021875
0 0.18359375 0.7265625 0.075 0.03828125
0 0.15625 0.7515625 0.015625 0.00703125
0 0.1859375 0.7734375 0.02578125 0.0125
0 0.2359375 0.79140625 0.028125 0.01796875
0 0.28203125 0.825 0.0296875 0.0203125
0 0.315625 0.8390625 0.0265625 0.0234375
0 0.415625 0.8515625 0.028125 0.0171875
0 0.41640625 0.87578125 0.0140625 0.01328125
0 0.4296875 0.91015625 0.0125 0.00625
0 0.37265625 0.9328125 0.01171875 0.01015625
0 0.34609375 0.40625 0.01796875 0.0125
0 0.3828125 0.43828125 0.0296875 0.009375
0 0.425 0.4328125 0.028125 0.01640625
0 0.41875 0.46171875 0.01015625 0.00859375
0 0.4140625 0.6015625 0.01328125 0.0109375