0 0.6625 0.25234375 0.02109375 0.0140625
0 0.6 0.3421875 0.015625 0.0109375
0 0.40546875 0.45234375 0.04921875 0.01953125
0 0.48125 0.3984375 0.0265625 0.0171875
0 0.71875 0.44921875 0.01484375 0.01328125
0 0.375 0.4921875 0.0328125 0.0234375
0 0.47890625 0.46640625 0.02265625 0.01328125
0 0.50390625 0.4265625 0.0109375 0.00703125
0 0.4703125 0.4390625 0.01328125 0.003125
0 0.41171875 0.50390625 0.0125 0.0078125
0 0.4640625 0.50703125 0.01015625 0.0125
0 0.325 0.50703125 0.01015625 0.0078125
0 0.29609375 0.5140625 0.02578125 0.00703125
0 0.33046875 0.49375 0.0203125 0.00625
0 0.14453125 0.5671875 0.01953125 0.00703125
0 0.2203125 0.44765625 0.0078125 0.0109375
0 0.81328125 0.42890625 0.0078125 0.0046875
0 0.8203125 0.4234375 0.00703125 0.00390625
0 0.8328125 0.41328125 0.00625 0.003125
0 0.846875 0.40859375 0.0046875 0.003125
0 0.846875 0.4125 0.0046875 0.00390625
0 0.8515625 0.4078125 0.00390625 0.00390625
0 0.82734375 0.4234375 0.00546875 0.0046875
0 0.7359375 0.4 0.0078125 0.0046875
0 0.29609375 0.528125 0.009375 0.0046875
0 0.31875 0.4796875 0.009375 0.00546875
0 0.3453125 0.50859375 0.00546875 0.0078125
0 0.37109375 0.55 0.00703125 0.00546875
0 0.35078125 0.49609375 0.0046875 0.003125
0 0.30859375 0.5078125 0.01015625 0.00390625
0 0.315625 0.52421875 0.00625 0.00546875
0 0.28125 0.50390625 0.0078125 0.00390625
0 0.153125 0.5140625 0.0046875 0.00703125
0 0.1046875 0.52734375 0.00234375 0.00390625
0 0.23671875 0.48203125 0.00390625 0.00546875
0 0.70546875 0.4875 0.00390625 0.0015625
0 0.684375 0.48671875 0.00390625 0.003125
0 0.69140625 0.4875 0.00390625 0.003125
0 0.68984375 0.490625 0.0046875 0.00390625
0 0.38984375 0.47578125 0.021875 0.00625
0 0.7265625 0.4890625 0.009375 0.00390625
0 0.62578125 0.49765625 0.0046875 0.003125
0 0.57734375 0.50546875 0.00625 0.00703125
0 0.275 0.5640625 0.01171875 0.00859375
0 0.2296875 0.528125 0.01015625 0.00546875
0 0.19375 0.5234375 0.01484375 0.00390625
0 0.871875 0.40078125 0.00546875 0.00390625