0 0.60859375 0.378125 0.01640625 0.01640625
0 0.2921875 0.53203125 0.0203125 0.0171875
0 0.58671875 0.53515625 0.0265625 0.0171875
0 0.69609375 0.53671875 0.028125 0.02421875
0 0.75546875 0.40859375 0.0109375 0.00859375
0 0.81484375 0.390625 0.0234375 0.01640625
0 0.7515625 0.37890625 0.0078125 0.0046875
0 0.78828125 0.36875 0.02109375 0.01015625
0 0.8671875 0.35703125 0.00859375 0.00625
0 0.78984375 0.4171875 0.0375 0.025
0 0.709375 0.47421875 0.01640625 0.009375
0 0.78046875 0.28359375 0.03203125 0.0328125
0 0.73359375 0.26328125 0.03984375 0.021875
0 0.74609375 0.24140625 0.0140625 0.01015625
0 0.09765625 0.25 0.01328125 0.009375
0 0.09765625 0.31171875 0.01328125 0.009375
0 0.3515625 0.1984375 0.02578125 0.01171875
0 0.42109375 0.10625 0.01640625 0.009375
0 0.3390625 0.08359375 0.04453125 0.01953125
0 0.5 0.19375 0.0515625 0.0234375
0 0.4859375 0.15859375 0.00625 0.0046875
0 0.52265625 0.16640625 0.01171875 0.00859375
0 0.54921875 0.16640625 0.01640625 0.01015625
0 0.5640625 0.13828125 0.021875 0.015625
0 0.590625 0.175 0.04375 0.02890625
0 0.63125 0.14296875 0.05 0.03046875
0 0.68359375 0.15859375 0.05078125 0.02734375
0 0.85703125 0.19140625 0.040625 0.02421875
0 0.80234375 0.18828125 0.0140625 0.0125
0 0.7796875 0.1546875 0.02734375 0.01484375
0 0.8890625 0.22734375 0.00703125 0.00546875
0 0.90625 0.265625 0.015625 0.00703125
0 0.9171875 0.27890625 0.02109375 0.01484375
0 0.875 0.31640625 0.0171875 0.015625
0 0.92265625 0.30234375 0.04921875 0.01953125
0 0.921875 0.334375 0.0609375 0.03984375