0 0.865625 0.6125 0.02109375 0.01328125
0 0.91328125 0.59921875 0.015625 0.01015625
0 0.8828125 0.5796875 0.01171875 0.00625
0 0.92265625 0.571875 0.0234375 0.015625
0 0.9625 0.55859375 0.01171875 0.01015625
0 0.9484375 0.6015625 0.00390625 0.0046875
0 0.95703125 0.60078125 0.00390625 0.003125
0 0.9546875 0.60703125 0.0046875 0.00390625
0 0.9453125 0.5234375 0.01640625 0.0125
0 0.96640625 0.49921875 0.015625 0.00859375
0 0.909375 0.4953125 0.01015625 0.0078125
0 0.89453125 0.496875 0.01953125 0.01328125
0 0.93125 0.48203125 0.0046875 0.00390625
0 0.9765625 0.47734375 0.01875 0.01328125
0 0.959375 0.434375 0.021875 0.015625
0 0.9765625 0.4046875 0.01953125 0.00859375
0 0.98515625 0.42421875 0.02109375 0.01953125
0 0.98515625 0.45078125 0.01484375 0.01328125
0 0.98828125 0.4953125 0.0171875 0.02109375
0 0.98828125 0.5171875 0.0125 0.01484375
0 0.975 0.56015625 0.0078125 0.01015625
0 0.971875 0.54453125 0.003125 0.003125
0 0.984375 0.5328125 0.00859375 0.0109375
0 0.9828125 0.54140625 0.003125 0.0046875
0 0.9765625 0.53828125 0.003125 0.00625
0 0.68125 0.30546875 0.02109375 0.0125
0 0.35078125 0.31171875 0.01484375 0.00859375
0 0.1125 0.1921875 0.003125 0.003125
0 0.13203125 0.1921875 0.0046875 0.003125
0 0.1375 0.18515625 0.00234375 0.00234375
0 0.14609375 0.1875 0.00390625 0.003125
0 0.1390625 0.19453125 0.00703125 0.00546875
0 0.14140625 0.20078125 0.00234375 0.00234375
0 0.1375 0.20546875 0.00234375 0.003125
0 0.82109375 0.22421875 0.01328125 0.00625
0 0.83046875 0.23046875 0.003125 0.00234375
0 0.81875 0.2421875 0.003125 0.003125
0 0.80234375 0.23515625 0.00234375 0.00234375
0 0.80390625 0.22265625 0.00390625 0.00234375
0 0.80703125 0.21484375 0.003125 0.00234375