0 0.5609375 0.48125 0.08046875 0.03125
0 0.68671875 0.44375 0.0453125 0.0234375
0 0.725 0.47734375 0.028125 0.01875
0 0.5015625 0.309375 0.0296875 0.0171875
0 0.45625 0.315625 0.0265625 0.01484375
0 0.40703125 0.29921875 0.0203125 0.0125
0 0.3 0.3703125 0.0203125 0.009375
0 0.3625 0.3921875 0.0140625 0.0125
0 0.34375 0.4171875 0.02734375 0.0203125
0 0.2640625 0.40625 0.04375 0.01875
0 0.23515625 0.37421875 0.05546875 0.02578125
0 0.225 0.29921875 0.0109375 0.00859375
0 0.153125 0.2578125 0.0171875 0.0109375
0 0.16875 0.47578125 0.0453125 0.034375
0 0.2703125 0.47734375 0.02734375 0.0125
0 0.09140625 0.471875 0.02421875 0.01953125
0 0.12109375 0.46484375 0.01796875 0.01875
0 0.36171875 0.52890625 0.053125 0.03203125
0 0.62578125 0.6453125 0.04453125 0.034375
0 0.67578125 0.66796875 0.0171875 0.01328125
0 0.70703125 0.22890625 0.0203125 0.01640625