0 0.5921875 0.1765625 0.01953125 0.02734375
0 0.653125 0.128125 0.028125 0.03203125
0 0.59453125 0.2296875 0.034375 0.025
0 0.72578125 0.10546875 0.01328125 0.02109375
0 0.67890625 0.10078125 0.0171875 0.0171875
0 0.6921875 0.1359375 0.01875 0.0125
0 0.60703125 0.1265625 0.01875 0.01328125
0 0.52265625 0.2140625 0.02421875 0.01484375
0 0.55234375 0.19375 0.01875 0.021875
0 0.390625 0.28125 0.0296875 0.021875
0 0.49375 0.26875 0.0328125 0.02578125
0 0.44140625 0.22578125 0.0328125 0.0234375
0 0.63984375 0.08125 0.01796875 0.021875
0 0.5984375 0.09375 0.0234375 0.01015625
0 0.54609375 0.1484375 0.03984375 0.0203125