0 0.31796875 0.640625 0.00390625 0.003125
0 0.3828125 0.61328125 0.003125 0.0015625
0 0.3953125 0.61796875 0.00390625 0.0015625
0 0.3890625 0.6265625 0.00390625 0.0015625
0 0.4640625 0.5828125 0.0046875 0.00234375
0 0.46015625 0.59609375 0.00390625 0.00234375
0 0.51171875 0.54453125 0.01015625 0.0078125
0 0.4296875 0.58125 0.003125 0.003125
0 0.42890625 0.5859375 0.003125 0.00234375
0 0.42421875 0.59140625 0.003125 0.00234375
0 0.4859375 0.590625 0.00390625 0.00234375
0 0.62109375 0.4015625 0.015625 0.00859375
0 0.66953125 0.35 0.01875 0.01484375
0 0.52421875 0.33203125 0.01328125 0.00859375
0 0.49609375 0.30859375 0.0171875 0.0078125
0 0.46953125 0.3140625 0.0171875 0.009375
0 0.62109375 0.3109375 0.00625 0.0046875
0 0.56875 0.24921875 0.0078125 0.00546875
0 0.5984375 0.23671875 0.02890625 0.02109375
0 0.484375 0.240625 0.00859375 0.00703125
0 0.5359375 0.2328125 0.00703125 0.0046875
0 0.54140625 0.20859375 0.00859375 0.00625
0 0.57890625 0.20625 0.02109375 0.01484375
0 0.53984375 0.2015625 0.00390625 0.003125
0 0.37109375 0.1484375 0.00859375 0.00703125
0 0.384375 0.1703125 0.03671875 0.02421875
0 0.43828125 0.15390625 0.0328125 0.021875
0 0.6625 0.2890625 0.0046875 0.0046875
0 0.51796875 0.121875 0.01484375 0.00859375
0 0.50625 0.109375 0.01328125 0.00859375
0 0.553125 0.1140625 0.03671875 0.02265625
0 0.421875 0.0640625 0.0125 0.00859375
0 0.4765625 0.06796875 0.01015625 0.0078125
0 0.49765625 0.071875 0.0140625 0.00703125
0 0.52421875 0.0859375 0.0078125 0.0046875
0 0.525 0.096875 0.01328125 0.01015625
0 0.5515625 0.0921875 0.00859375 0.00703125
0 0.59453125 0.13984375 0.0078125 0.00546875