0 0.37265625 0.39140625 0.034375 0.021875
0 0.128125 0.41328125 0.01875 0.01796875
0 0.2203125 0.459375 0.0265625 0.01328125
0 0.1171875 0.4890625 0.03671875 0.02890625
0 0.70390625 0.49453125 0.01328125 0.00703125
0 0.603125 0.54921875 0.0171875 0.01171875
0 0.86015625 0.26875 0.01015625 0.009375
0 0.54296875 0.18515625 0.021875 0.01015625
0 0.72890625 0.15390625 0.0171875 0.0125
0 0.55078125 0.17109375 0.0140625 0.01015625
0 0.59375 0.16796875 0.00859375 0.009375
0 0.484375 0.10390625 0.015625 0.0109375
0 0.5234375 0.1234375 0.00859375 0.00703125
0 0.52578125 0.10234375 0.04296875 0.01953125
0 0.2921875 0.30703125 0.04296875 0.0296875
0 0.228125 0.28671875 0.01015625 0.00703125
0 0.2328125 0.30625 0.01484375 0.00859375
0 0.184375 0.28046875 0.01875 0.0140625
0 0.15 0.2375 0.0109375 0.00703125
0 0.240625 0.25390625 0.04140625 0.03515625
0 0.18671875 0.21640625 0.065625 0.05703125
0 0.10703125 0.153125 0.0171875 0.02109375
0 0.15859375 0.1375 0.0171875 0.01171875
0 0.14921875 0.109375 0.03984375 0.03125
0 0.30859375 0.15546875 0.0125 0.01015625
0 0.33984375 0.159375 0.0203125 0.021875
0 0.353125 0.13359375 0.0328125 0.01171875
0 0.29453125 0.0890625 0.00859375 0.00625
0 0.31015625 0.07890625 0.021875 0.01328125
0 0.34453125 0.0796875 0.0203125 0.01015625
0 0.38203125 0.075 0.03984375 0.0203125
0 0.428125 0.07109375 0.0140625 0.00546875