0 0.68984375 0.403125 0.021875 0.01640625
0 0.484375 0.334375 0.02734375 0.0171875
0 0.4859375 0.47109375 0.040625 0.025
0 0.4921875 0.5421875 0.04375 0.03125
0 0.5265625 0.58203125 0.034375 0.03828125
0 0.56171875 0.52578125 0.021875 0.0203125
0 0.596875 0.56640625 0.01953125 0.015625
0 0.48125 0.71640625 0.02265625 0.0171875
0 0.46953125 0.75703125 0.03046875 0.0359375
0 0.3890625 0.61875 0.02734375 0.01953125
0 0.64453125 0.3296875 0.01953125 0.01328125
0 0.7328125 0.32421875 0.02265625 0.0359375
0 0.303125 0.06171875 0.025 0.0203125
0 0.50546875 0.62265625 0.0640625 0.04921875