0 0.35703125 0.39296875 0.01640625 0.01953125
0 0.30625 0.41796875 0.0109375 0.0078125
0 0.34296875 0.41484375 0.0140625 0.01015625
0 0.328125 0.3921875 0.01015625 0.01015625
0 0.390625 0.38671875 0.0125 0.00859375
0 0.3953125 0.35078125 0.0171875 0.015625
0 0.38671875 0.32109375 0.01953125 0.009375
0 0.42578125 0.334375 0.01484375 0.01171875
0 0.44609375 0.31796875 0.0171875 0.015625
0 0.4609375 0.27578125 0.0109375 0.01875
0 0.54453125 0.25703125 0.0140625 0.015625
0 0.5109375 0.303125 0.0109375 0.0125
0 0.48515625 0.28984375 0.0125 0.00859375
0 0.3703125 0.421875 0.009375 0.0046875
0 0.40546875 0.4125 0.0078125 0.00703125
0 0.415625 0.31171875 0.01328125 0.0078125
0 0.4625 0.33828125 0.00625 0.00859375
0 0.44140625 0.36171875 0.0125 0.0078125
0 0.68125 0.1890625 0.009375 0.009375
0 0.68359375 0.19921875 0.00625 0.00703125
0 0.4390625 0.3375 0.0046875 0.00859375
0 0.425 0.37265625 0.00546875 0.00546875
0 0.4171875 0.384375 0.00703125 0.00703125
0 0.37890625 0.4234375 0.00546875 0.00546875
0 0.375 0.42890625 0.003125 0.0046875
0 0.45078125 0.32890625 0.00703125 0.0046875
0 0.46015625 0.3265625 0.0046875 0.009375
0 0.42421875 0.3953125 0.00546875 0.00546875
0 0.45 0.34375 0.00546875 0.00625
0 0.4296875 0.36171875 0.00625 0.00859375
0 0.5890625 0.23828125 0.00703125 0.00703125