0 0.2390625 0.4328125 0.02890625 0.0203125
0 0.171875 0.41953125 0.0203125 0.015625
0 0.18203125 0.44921875 0.02265625 0.0234375
0 0.1703125 0.4828125 0.028125 0.02578125
0 0.178125 0.5078125 0.02890625 0.025
0 0.34296875 0.48359375 0.0234375 0.034375
0 0.41171875 0.5234375 0.0390625 0.02890625
0 0.58984375 0.359375 0.02578125 0.02109375
0 0.578125 0.29921875 0.015625 0.0109375
0 0.34140625 0.32890625 0.02578125 0.021875
0 0.4140625 0.31484375 0.015625 0.01796875
0 0.371875 0.36171875 0.025 0.01953125
0 0.2703125 0.37421875 0.01953125 0.01484375
0 0.22109375 0.34921875 0.0203125 0.01484375
0 0.20234375 0.4046875 0.0359375 0.03828125
0 0.1765625 0.3921875 0.0234375 0.015625
0 0.62734375 0.16328125 0.01953125 0.0203125
0 0.5078125 0.153125 0.021875 0.01875
0 0.4796875 0.2234375 0.01875 0.0125
0 0.42421875 0.19296875 0.0203125 0.0140625
0 0.36953125 0.28828125 0.0296875 0.021875
0 0.3796875 0.54765625 0.015625 0.01328125
0 0.72265625 0.428125 0.02265625 0.0171875
0 0.20078125 0.55625 0.02265625 0.01796875