0 0.81953125 0.56328125 0.0125 0.0109375
0 0.86328125 0.55390625 0.0140625 0.009375
0 0.83984375 0.53515625 0.01015625 0.00703125
0 0.8734375 0.5296875 0.021875 0.0140625
0 0.91015625 0.51953125 0.01015625 0.0078125
0 0.896875 0.48671875 0.01328125 0.01015625
0 0.89453125 0.55703125 0.00390625 0.00390625
0 0.9015625 0.55546875 0.00390625 0.003125
0 0.9 0.56171875 0.00546875 0.00390625
0 0.85546875 0.4609375 0.01328125 0.01171875
0 0.86875 0.4609375 0.009375 0.00625
0 0.8890625 0.44921875 0.00625 0.00546875
0 0.93203125 0.446875 0.01171875 0.0109375
0 0.91875 0.46640625 0.01328125 0.009375
0 0.9203125 0.4046875 0.01953125 0.0140625
0 0.92109375 0.5203125 0.0046875 0.009375
0 0.93125 0.496875 0.00546875 0.00703125
0 0.93515625 0.48828125 0.00546875 0.00859375
0 0.93671875 0.465625 0.0140625 0.0265625
0 0.9421875 0.42109375 0.0109375 0.01171875
0 0.94765625 0.44921875 0.00703125 0.009375
0 0.94453125 0.4390625 0.0140625 0.00703125
0 0.9359375 0.3796875 0.01953125 0.0078125
0 0.9421875 0.39921875 0.021875 0.015625
0 0.67421875 0.278125 0.0125 0.01015625
0 0.8109375 0.20234375 0.0109375 0.00625
0 0.7984375 0.19375 0.00234375 0.003125
0 0.79453125 0.2015625 0.003125 0.00390625
0 0.7921875 0.21328125 0.00234375 0.003125
0 0.80703125 0.21953125 0.003125 0.00390625
0 0.81875 0.209375 0.0046875 0.003125
0 0.81953125 0.2046875 0.00390625 0.00390625
0 0.14296875 0.15234375 0.00390625 0.00390625
0 0.1609375 0.153125 0.0046875 0.003125
0 0.16796875 0.15625 0.00625 0.00625
0 0.1703125 0.1625 0.003125 0.00234375
0 0.16640625 0.16640625 0.003125 0.003125
0 0.17421875 0.14765625 0.003125 0.00234375
0 0.1671875 0.1453125 0.00234375 0.00234375
0 0.2578125 0.08203125 0.01171875 0.0046875
0 0.26796875 0.08046875 0.003125 0.003125
0 0.3671875 0.275 0.01015625 0.00703125