0 0.3046875 0.41796875 0.02890625 0.025
0 0.22109375 0.540625 0.0140625 0.00859375
0 0.37734375 0.54140625 0.01796875 0.0109375
0 0.20859375 0.59765625 0.03203125 0.02734375
0 0.265625 0.3828125 0.04609375 0.05703125
0 0.26796875 0.4390625 0.01328125 0.01328125
0 0.29609375 0.44453125 0.00859375 0.00546875
0 0.29609375 0.4625 0.00546875 0.00546875
0 0.3359375 0.46484375 0.025 0.01328125
0 0.27734375 0.578125 0.01796875 0.0078125
0 0.56796875 0.6375 0.0078125 0.0078125
0 0.5296875 0.378125 0.0140625 0.0078125
0 0.53984375 0.3671875 0.009375 0.00625
0 0.49609375 0.665625 0.0078125 0.00625
0 0.2953125 0.378125 0.00859375 0.0078125
0 0.259375 0.30859375 0.0125 0.00859375
0 0.2515625 0.2828125 0.02734375 0.0234375
0 0.2234375 0.32578125 0.01953125 0.01640625
0 0.3515625 0.35625 0.0171875 0.0140625
0 0.3671875 0.33359375 0.00703125 0.00859375
0 0.39140625 0.33984375 0.01171875 0.015625
0 0.4046875 0.31484375 0.02578125 0.01171875
0 0.37109375 0.2625 0.01015625 0.00703125
0 0.384375 0.2578125 0.0140625 0.0078125
0 0.40703125 0.2578125 0.01484375 0.00859375
0 0.42578125 0.2734375 0.0078125 0.00546875
0 0.43359375 0.25546875 0.0328125 0.01953125
0 0.475 0.2578125 0.01171875 0.01015625
0 0.50703125 0.2921875 0.01015625 0.00859375
0 0.49140625 0.30546875 0.01015625 0.00546875
0 0.53671875 0.29453125 0.01328125 0.00703125
0 0.53046875 0.3140625 0.00625 0.0046875
0 0.7265625 0.47578125 0.01015625 0.00703125