0 0.40703125 0.3765625 0.02890625 0.01953125
0 0.45078125 0.334375 0.015625 0.01015625
0 0.44921875 0.36328125 0.01484375 0.01328125
0 0.3890625 0.40390625 0.02109375 0.01328125
0 0.33984375 0.421875 0.021875 0.0140625
0 0.36953125 0.3890625 0.0125 0.009375
0 0.50703125 0.29921875 0.01484375 0.0109375
0 0.48359375 0.31640625 0.0109375 0.009375
0 0.48046875 0.35703125 0.0125 0.0078125
0 0.57578125 0.2859375 0.0140625 0.01171875
0 0.6015625 0.2578125 0.01484375 0.01328125
0 0.5171875 0.2765625 0.01484375 0.0078125
0 0.44296875 0.31953125 0.0140625 0.00625
0 0.71796875 0.23828125 0.00625 0.00625
0 0.72265625 0.24296875 0.0046875 0.00703125
0 0.72578125 0.24921875 0.00546875 0.0046875
0 0.4671875 0.390625 0.0046875 0.00390625
0 0.4890625 0.3734375 0.00546875 0.003125
0 0.49453125 0.33125 0.00703125 0.003125
0 0.52109375 0.30078125 0.009375 0.0046875
0 0.5140625 0.315625 0.00390625 0.003125
0 0.5078125 0.3359375 0.0078125 0.00546875
0 0.48984375 0.3453125 0.00625 0.00234375
0 0.49140625 0.33515625 0.00625 0.003125
0 0.5 0.31328125 0.00625 0.00390625
0 0.50703125 0.30703125 0.00703125 0.003125
0 0.46328125 0.3484375 0.003125 0.0015625
0 0.47109375 0.3671875 0.00390625 0.00234375
0 0.5015625 0.36328125 0.0046875 0.003125
0 0.4984375 0.33984375 0.00859375 0.00234375
0 0.4828125 0.35 0.00390625 0.003125
0 0.43515625 0.40546875 0.00546875 0.003125
0 0.42421875 0.40625 0.00390625 0.00390625
0 0.43046875 0.4125 0.00625 0.003125
0 0.4234375 0.290625 0.00859375 0.00390625
0 0.4265625 0.2765625 0.0046875 0.0046875
0 0.484375 0.259375 0.009375 0.0046875
0 0.54609375 0.27734375 0.0046875 0.00546875
0 0.528125 0.31171875 0.0046875 0.00390625
0 0.4328125 0.4328125 0.00390625 0.003125