0 0.07734375 0.65703125 0.021875 0.01015625
0 0.11484375 0.540625 0.0203125 0.0109375
0 0.03671875 0.5828125 0.0140625 0.0078125
0 0.1515625 0.54609375 0.01640625 0.01015625
0 0.05625 0.61640625 0.0453125 0.03046875
0 0.10546875 0.61484375 0.01875 0.01171875
0 0.0640625 0.63984375 0.01328125 0.00859375
0 0.215625 0.60234375 0.0375 0.0171875
0 0.27734375 0.60234375 0.05546875 0.0265625
0 0.15625 0.51640625 0.0109375 0.00859375
0 0.28359375 0.6984375 0.0171875 0.0125
0 0.4953125 0.62890625 0.05625 0.04296875
0 0.43671875 0.61328125 0.01171875 0.00625
0 0.4265625 0.64921875 0.05 0.0203125
0 0.56953125 0.57578125 0.0359375 0.0171875
0 0.58125 0.61796875 0.01875 0.0046875
0 0.56640625 0.6078125 0.01015625 0.003125
0 0.59609375 0.60234375 0.0109375 0.00390625
0 0.665625 0.51328125 0.01640625 0.009375
0 0.7859375 0.61640625 0.01640625 0.009375
0 0.8828125 0.5875 0.04296875 0.02421875
0 0.2921875 0.48828125 0.01171875 0.009375
0 0.26484375 0.4875 0.0125 0.00625
0 0.2078125 0.41875 0.0140625 0.0078125
0 0.37734375 0.36796875 0.01171875 0.0046875
0 0.1328125 0.434375 0.01328125 0.00625