0 0.30703125 0.39140625 0.03046875 0.034375
0 0.359375 0.43203125 0.03984375 0.01875
0 0.32890625 0.45703125 0.01484375 0.00859375
0 0.078125 0.44296875 0.0109375 0.00625
0 0.1453125 0.44921875 0.01328125 0.00625
0 0.16484375 0.44375 0.01796875 0.01171875
0 0.14453125 0.38984375 0.01640625 0.0109375
0 0.14375 0.36875 0.01953125 0.0140625
0 0.1578125 0.3375 0.01796875 0.0140625
0 0.21796875 0.3265625 0.02109375 0.01328125
0 0.15625 0.30703125 0.01328125 0.01015625
0 0.16171875 0.28125 0.0140625 0.0109375
0 0.18984375 0.2953125 0.040625 0.03984375
0 0.17421875 0.328125 0.015625 0.01015625
0 0.34140625 0.27578125 0.00546875 0.00546875
0 0.35390625 0.2703125 0.0109375 0.01171875
0 0.33359375 0.23359375 0.03203125 0.01953125
0 0.20546875 0.24453125 0.028125 0.009375
0 0.25234375 0.27109375 0.0078125 0.009375
0 0.39609375 0.265625 0.00859375 0.00703125
0 0.4078125 0.2265625 0.0125 0.00859375
0 0.365625 0.19765625 0.03203125 0.0296875
0 0.4328125 0.309375 0.01328125 0.00703125
0 0.378125 0.359375 0.01015625 0.0046875
0 0.53046875 0.30234375 0.01015625 0.00546875
0 0.56796875 0.29453125 0.02109375 0.0171875
0 0.54375 0.26953125 0.0171875 0.01640625
0 0.5703125 0.2328125 0.01484375 0.00859375
0 0.4875 0.14140625 0.0078125 0.00625
0 0.49140625 0.15078125 0.00625 0.00390625
0 0.4359375 0.103125 0.00703125 0.00390625
0 0.534375 0.06953125 0.021875 0.02734375
0 0.51171875 0.0890625 0.0046875 0.00390625
0 0.56328125 0.09140625 0.00546875 0.0046875
0 0.65 0.08984375 0.0171875 0.01484375
0 0.6734375 0.38125 0.0171875 0.009375