0 0.5 0.48359375 0.02421875 0.01484375
0 0.68359375 0.32890625 0.0203125 0.01015625
0 0.5640625 0.25546875 0.0140625 0.00859375
0 0.5015625 0.234375 0.01875 0.00859375
0 0.53203125 0.23125 0.0171875 0.00859375
0 0.6265625 0.19296875 0.01640625 0.00859375
0 0.6421875 0.1578125 0.02265625 0.0140625
0 0.74921875 0.278125 0.021875 0.0140625
0 0.7375 0.21953125 0.01171875 0.00703125
0 0.6015625 0.159375 0.01484375 0.00859375
0 0.4421875 0.12265625 0.021875 0.01015625
0 0.42890625 0.10390625 0.0109375 0.0078125
0 0.571875 0.06796875 0.01484375 0.01171875
0 0.62734375 0.0984375 0.03671875 0.01796875
0 0.68046875 0.24296875 0.0265625 0.009375
0 0.66953125 0.178125 0.01796875 0.0125