0 0.60390625 0.6890625 0.0171875 0.0140625
0 0.71328125 0.715625 0.05625 0.0109375
0 0.42734375 0.56640625 0.03359375 0.0265625
0 0.5125 0.56953125 0.0375 0.028125
0 0.66171875 0.56328125 0.0203125 0.015625
0 0.353125 0.56953125 0.09765625 0.028125
0 0.22734375 0.54609375 0.01640625 0.0109375
0 0.1828125 0.53671875 0.01875 0.021875
0 0.18125 0.46328125 0.01015625 0.00625
0 0.178125 0.47421875 0.01015625 0.00703125
0 0.190625 0.44921875 0.00859375 0.00546875
0 0.20625 0.428125 0.0375 0.021875
0 0.3 0.39921875 0.01171875 0.0078125
0 0.228125 0.40703125 0.009375 0.00625
0 0.28828125 0.46796875 0.01796875 0.01640625
0 0.32265625 0.48359375 0.028125 0.01875
0 0.4453125 0.6 0.025 0.0125
0 0.46328125 0.5890625 0.00703125 0.00546875
0 0.49296875 0.59609375 0.0078125 0.00625
0 0.85546875 0.46953125 0.009375 0.00625
0 0.65234375 0.33671875 0.0078125 0.0046875
0 0.47421875 0.33359375 0.0125 0.009375
0 0.890625 0.52421875 0.00859375 0.00703125
0 0.409375 0.3265625 0.009375 0.0078125
0 0.3203125 0.38203125 0.0171875 0.01328125
0 0.34609375 0.39296875 0.009375 0.00625
0 0.3125 0.41171875 0.01484375 0.00703125
0 0.23046875 0.4421875 0.01328125 0.00703125
0 0.23828125 0.58125 0.01171875 0.00859375