0 0.24375 0.5125 0.03359375 0.0171875
0 0.428125 0.44609375 0.0296875 0.01640625
0 0.46484375 0.42734375 0.02890625 0.0140625
0 0.5265625 0.4515625 0.0234375 0.01484375
0 0.7765625 0.4109375 0.04375 0.021875
0 0.6640625 0.3765625 0.0109375 0.01171875
0 0.71484375 0.3265625 0.01171875 0.009375
0 0.5375 0.31328125 0.01484375 0.01015625
0 0.5734375 0.2765625 0.04453125 0.021875
0 0.5234375 0.25078125 0.03359375 0.02265625
0 0.471875 0.27109375 0.0171875 0.0109375
0 0.4640625 0.26015625 0.0046875 0.00390625
0 0.4078125 0.33125 0.0125 0.009375
0 0.2171875 0.2671875 0.04453125 0.028125
0 0.1828125 0.24140625 0.0171875 0.0109375
0 0.2875 0.23125 0.0515625 0.02109375
0 0.384375 0.1625 0.028125 0.01484375
0 0.36015625 0.14921875 0.01796875 0.0140625
0 0.43359375 0.1390625 0.05625 0.03125
0 0.45234375 0.11484375 0.021875 0.01171875
0 0.4171875 0.1125 0.01796875 0.0109375
0 0.375 0.1140625 0.01640625 0.009375
0 0.38046875 0.1265625 0.0203125 0.009375
0 0.328125 0.10625 0.01953125 0.01328125
0 0.29609375 0.10703125 0.01328125 0.0109375
0 0.33359375 0.28515625 0.009375 0.00859375
0 0.47890625 0.30546875 0.01328125 0.009375
0 0.74765625 0.44375 0.0109375 0.0078125