0 0.61015625 0.28359375 0.01484375 0.0171875
0 0.64140625 0.275 0.0125 0.009375
0 0.57890625 0.26640625 0.01328125 0.0125
0 0.54375 0.29140625 0.01328125 0.01328125
0 0.50546875 0.28828125 0.01484375 0.01015625
0 0.47421875 0.28984375 0.01484375 0.0125
0 0.525 0.33125 0.0234375 0.0171875
0 0.6328125 0.30390625 0.0125 0.01171875
0 0.67578125 0.29609375 0.01484375 0.0109375
0 0.35234375 0.29296875 0.02421875 0.01171875
0 0.428125 0.32109375 0.01171875 0.01640625
0 0.41328125 0.27265625 0.01640625 0.01015625
0 0.421875 0.29140625 0.0125 0.01171875
0 0.49453125 0.31875 0.01875 0.015625
0 0.44375 0.415625 0.009375 0.00703125
0 0.5890625 0.24453125 0.00546875 0.00546875
0 0.55625 0.25546875 0.00546875 0.0046875
0 0.62109375 0.2484375 0.00546875 0.00546875
0 0.628125 0.24765625 0.00234375 0.00546875
0 0.6265625 0.2546875 0.00546875 0.0046875
0 0.47890625 0.27734375 0.01328125 0.00703125
0 0.51640625 0.2578125 0.0078125 0.00546875
0 0.47890625 0.2640625 0.00546875 0.00625
0 0.50859375 0.24375 0.01015625 0.00390625
0 0.521875 0.2640625 0.00703125 0.00546875
0 0.49453125 0.265625 0.01171875 0.00625
0 0.43671875 0.28828125 0.00859375 0.00546875
0 0.38984375 0.3953125 0.015625 0.00703125
0 0.459375 0.271875 0.00546875 0.00703125
0 0.4640625 0.26484375 0.00546875 0.00625
0 0.5296875 0.2625 0.00234375 0.0046875
0 0.50859375 0.2625 0.00390625 0.00546875
0 0.53828125 0.2578125 0.003125 0.0015625
0 0.46796875 0.27109375 0.00234375 0.00234375