0 0.66171875 0.565625 0.03828125 0.02890625
0 0.72734375 0.546875 0.01640625 0.01484375
0 0.69765625 0.59921875 0.03671875 0.03203125
0 0.6375 0.38828125 0.01953125 0.01484375
0 0.3140625 0.696875 0.0109375 0.009375
0 0.29765625 0.65625 0.00859375 0.00703125
0 0.34609375 0.5625 0.01484375 0.009375
0 0.14453125 0.540625 0.01171875 0.009375
0 0.41796875 0.75234375 0.01640625 0.0078125
0 0.3328125 0.76640625 0.01640625 0.00859375
0 0.46484375 0.790625 0.0125 0.00859375
0 0.38203125 0.7734375 0.03125 0.01875
0 0.821875 0.43359375 0.01171875 0.00859375
0 0.465625 0.23203125 0.009375 0.00703125
0 0.16796875 0.371875 0.00703125 0.00703125
0 0.284375 0.56875 0.0140625 0.01015625
0 0.3453125 0.6796875 0.01015625 0.00859375
0 0.6765625 0.74140625 0.0125 0.01015625
0 0.67421875 0.784375 0.040625 0.03046875
0 0.6515625 0.4984375 0.0359375 0.01640625
0 0.275 0.6828125 0.021875 0.01015625
0 0.2046875 0.6203125 0.0109375 0.0078125
0 0.13125 0.60234375 0.0203125 0.0109375
0 0.471875 0.69140625 0.0359375 0.01328125
0 0.5171875 0.65703125 0.0453125 0.01875
0 0.73515625 0.725 0.0328125 0.0234375
0 0.6921875 0.5328125 0.0078125 0.00703125
0 0.85625 0.3640625 0.02578125 0.03515625
0 0.4890625 0.7890625 0.0203125 0.0109375
0 0.53984375 0.7703125 0.00859375 0.0078125
0 0.43203125 0.7875 0.0109375 0.00859375
0 0.4015625 0.79140625 0.0109375 0.00703125
0 0.3296875 0.57578125 0.015625 0.01015625
0 0.17734375 0.60703125 0.00859375 0.009375
0 0.1484375 0.58359375 0.00703125 0.00625
0 0.1515625 0.61171875 0.009375 0.00546875
0 0.37734375 0.63125 0.0109375 0.01015625
0 0.6953125 0.634375 0.0125 0.009375