0 0.70546875 0.42421875 0.025 0.02265625
0 0.59296875 0.33984375 0.02890625 0.02265625
0 0.56953125 0.31875 0.02265625 0.01953125
0 0.590625 0.2796875 0.0171875 0.0140625
0 0.43203125 0.284375 0.0171875 0.015625
0 0.36015625 0.29609375 0.03046875 0.02109375
0 0.26171875 0.39453125 0.0234375 0.0171875
0 0.203125 0.37890625 0.0171875 0.01171875
0 0.21015625 0.4078125 0.0234375 0.01640625
0 0.2 0.4359375 0.02109375 0.02109375
0 0.20625 0.459375 0.025 0.015625
0 0.21796875 0.51484375 0.04375 0.02265625
0 0.35703125 0.45 0.0328125 0.03671875
0 0.4125 0.484375 0.03125 0.02265625
0 0.38515625 0.509375 0.0234375 0.01640625
0 0.23359375 0.36484375 0.04296875 0.04140625
0 0.38671875 0.33046875 0.0203125 0.01484375
0 0.42578125 0.3234375 0.01328125 0.01015625
0 0.38984375 0.25859375 0.02421875 0.0265625
0 0.2875 0.3375 0.0203125 0.015625
0 0.246875 0.31796875 0.01953125 0.0203125
0 0.65078125 0.134375 0.02265625 0.01640625
0 0.53515625 0.11796875 0.02734375 0.021875
0 0.5 0.1953125 0.01328125 0.0125
0 0.4453125 0.16171875 0.01328125 0.0109375