0 0.284375 0.88671875 0.025 0.01796875
0 0.24296875 0.8921875 0.0140625 0.0109375
0 0.265625 0.86015625 0.00859375 0.00703125
0 0.2140625 0.85859375 0.01640625 0.01328125
0 0.253125 0.9203125 0.00625 0.0046875
0 0.25859375 0.92578125 0.00390625 0.00390625
0 0.2484375 0.92578125 0.003125 0.003125
0 0.31328125 0.9140625 0.01171875 0.009375
0 0.35703125 0.8875 0.0171875 0.0125
0 0.38515625 0.8359375 0.01640625 0.01484375
0 0.39296875 0.84765625 0.0125 0.00625
0 0.3984375 0.89375 0.0125 0.009375
0 0.36484375 0.9203125 0.040625 0.01015625
0 0.32109375 0.92578125 0.01328125 0.00546875
0 0.4078125 0.9109375 0.0375 0.0203125
0 0.43515625 0.89375 0.01796875 0.01171875
0 0.48125 0.88984375 0.01875 0.0125
0 0.49609375 0.8625 0.01953125 0.01796875
0 0.5375 0.8640625 0.0234375 0.0125
0 0.51015625 0.88203125 0.02265625 0.02109375
0 0.74609375 0.66640625 0.0078125 0.01484375
0 0.740625 0.65234375 0.009375 0.00625
0 0.75234375 0.6515625 0.00390625 0.0046875
0 0.71953125 0.65703125 0.0046875 0.0046875
0 0.72109375 0.67109375 0.00859375 0.00625
0 0.57578125 0.59140625 0.0234375 0.0140625
0 0.43515625 0.34140625 0.015625 0.01015625
0 0.65703125 0.16171875 0.0171875 0.015625
0 0.4875 0.12890625 0.00625 0.0046875
0 0.49609375 0.13046875 0.003125 0.00625
0 0.50625 0.11875 0.00859375 0.0046875
0 0.50546875 0.12578125 0.00859375 0.0078125
0 0.5203125 0.11875 0.00390625 0.00390625
0 0.51953125 0.12578125 0.0046875 0.003125
0 0.496875 0.10390625 0.00546875 0.00390625