0 0.18515625 0.62109375 0.03515625 0.04140625
0 0.1875 0.5421875 0.0234375 0.015625
0 0.271875 0.584375 0.0140625 0.0078125
0 0.5984375 0.67734375 0.00859375 0.01015625
0 0.40078125 0.51953125 0.02109375 0.0203125
0 0.68671875 0.625 0.0140625 0.0078125
0 0.86015625 0.3765625 0.00859375 0.00859375
0 0.74921875 0.23125 0.01484375 0.01171875
0 0.56171875 0.27265625 0.01484375 0.009375
0 0.6109375 0.25078125 0.0109375 0.0078125
0 0.56875 0.25625 0.0125 0.009375
0 0.5046875 0.1640625 0.01796875 0.01328125
0 0.5453125 0.1625 0.02734375 0.01328125
0 0.48515625 0.18125 0.02109375 0.01015625
0 0.54375 0.18828125 0.0109375 0.00625
0 0.509375 0.196875 0.01015625 0.00703125
0 0.7046875 0.18359375 0.0375 0.03203125
0 0.371875 0.20703125 0.03828125 0.01953125
0 0.35 0.24296875 0.05546875 0.02734375
0 0.31640625 0.271875 0.0171875 0.01640625
0 0.27265625 0.3625 0.040625 0.03359375
0 0.2234375 0.396875 0.01796875 0.015625
0 0.2640625 0.4015625 0.00859375 0.00703125
0 0.2703125 0.42421875 0.01171875 0.00703125
0 0.32265625 0.4234375 0.040625 0.0296875
0 0.21640625 0.30390625 0.0734375 0.040625
0 0.21328125 0.340625 0.065625 0.028125
0 0.13828125 0.24375 0.0328125 0.028125
0 0.1796875 0.21953125 0.02109375 0.0125
0 0.16875 0.184375 0.03984375 0.03359375
0 0.2734375 0.17109375 0.01015625 0.01015625
0 0.30859375 0.1453125 0.01484375 0.01015625
0 0.32578125 0.1375 0.0171875 0.01171875
0 0.3625 0.1328125 0.02421875 0.01171875
0 0.378125 0.121875 0.01015625 0.00546875
0 0.39921875 0.11484375 0.01171875 0.00625
0 0.3859375 0.1515625 0.0125 0.00625
0 0.4046875 0.13125 0.03515625 0.0203125
0 0.44921875 0.12109375 0.01015625 0.00625