0 0.87109375 0.10703125 0.034375 0.01640625
0 0.8296875 0.1203125 0.015625 0.0140625
0 0.646875 0.18671875 0.04453125 0.025
0 0.675 0.14921875 0.02734375 0.02578125
0 0.659375 0.16484375 0.01953125 0.0140625
0 0.578125 0.21796875 0.028125 0.02421875
0 0.42421875 0.140625 0.015625 0.01484375
0 0.44765625 0.27265625 0.02734375 0.01796875
0 0.26953125 0.4828125 0.02265625 0.01484375
0 0.33203125 0.4609375 0.00703125 0.009375
0 0.2765625 0.4015625 0.00625 0.0046875
0 0.321875 0.14921875 0.00703125 0.00546875
0 0.375 0.19296875 0.00546875 0.00625
0 0.34609375 0.1421875 0.01015625 0.00546875
0 0.31328125 0.14296875 0.0078125 0.00546875
0 0.3328125 0.140625 0.0078125 0.00390625
0 0.33828125 0.1453125 0.0078125 0.00390625
0 0.59765625 0.15546875 0.01875 0.01015625
0 0.59765625 0.18046875 0.00859375 0.0046875
0 0.5703125 0.1828125 0.00859375 0.00625
0 0.7609375 0.2078125 0.009375 0.0078125
0 0.77421875 0.2109375 0.01328125 0.0078125
0 0.6265625 0.1171875 0.01484375 0.01015625
0 0.6578125 0.13046875 0.009375 0.0078125
0 0.7 0.134375 0.009375 0.009375
0 0.71171875 0.1421875 0.0046875 0.01484375
0 0.69609375 0.146875 0.0109375 0.00625
0 0.71171875 0.165625 0.00859375 0.00546875
0 0.7375 0.13828125 0.00859375 0.00625
0 0.796875 0.0859375 0.0109375 0.01015625
0 0.78125 0.090625 0.0078125 0.00625
0 0.821875 0.15 0.00703125 0.00625
0 0.85234375 0.14375 0.0046875 0.0046875
0 0.8890625 0.10546875 0.0109375 0.00859375
0 0.82421875 0.090625 0.0046875 0.00390625
0 0.8359375 0.090625 0.00703125 0.0046875
0 0.73125 0.12578125 0.00703125 0.00546875
0 0.59453125 0.19765625 0.00546875 0.0046875
0 0.6078125 0.203125 0.0078125 0.00859375
0 0.23671875 0.46484375 0.009375 0.00546875
0 0.459375 0.10078125 0.0015625 0.00234375
0 0.471875 0.10078125 0.003125 0.00234375
0 0.46796875 0.1046875 0.0015625 0.00234375
0 0.47109375 0.1078125 0.0015625 0.0015625
0 0.79765625 0.14296875 0.00625 0.00234375
0 0.76640625 0.16640625 0.00390625 0.00390625
0 0.70625 0.153125 0.00859375 0.00546875
0 0.71328125 0.15546875 0.0046875 0.003125
0 0.7140625 0.159375 0.0046875 0.00390625
0 0.7234375 0.140625 0.00625 0.00234375
0 0.7296875 0.1375 0.00390625 0.00390625
0 0.72109375 0.12734375 0.00546875 0.00390625
0 0.7609375 0.1921875 0.0046875 0.0046875