0 0.3359375 0.54921875 0.015625 0.0078125
0 0.3421875 0.5171875 0.03828125 0.0171875
0 0.27109375 0.51171875 0.0390625 0.028125
0 0.18984375 0.6125 0.0125 0.00703125
0 0.1640625 0.6421875 0.01015625 0.00703125
0 0.1171875 0.63984375 0.0125 0.00703125
0 0.12421875 0.56015625 0.01796875 0.0109375
0 0.1375 0.57890625 0.01796875 0.01171875
0 0.1140625 0.53125 0.01484375 0.0109375
0 0.1578125 0.50078125 0.0171875 0.01171875
0 0.12421875 0.51953125 0.01640625 0.01015625
0 0.09140625 0.50703125 0.0140625 0.00703125
0 0.1125 0.4890625 0.03828125 0.028125
0 0.0828125 0.48671875 0.0140625 0.009375
0 0.1015625 0.4421875 0.0125 0.0109375
0 0.15 0.446875 0.0109375 0.009375
0 0.2265625 0.40625 0.0171875 0.015625
0 0.18828125 0.38671875 0.028125 0.01484375
0 0.1078125 0.39765625 0.0125 0.00546875
0 0.19921875 0.34921875 0.02421875 0.025
0 0.24375 0.35546875 0.01328125 0.00859375
0 0.2578125 0.38515625 0.01015625 0.00625
0 0.31328125 0.39921875 0.0109375 0.0046875
0 0.30625 0.4578125 0.0109375 0.00546875
0 0.4078125 0.340625 0.01953125 0.01328125
0 0.38671875 0.36015625 0.00703125 0.00625
0 0.37421875 0.33359375 0.01953125 0.01171875
0 0.37109375 0.30078125 0.01328125 0.00703125
0 0.25390625 0.2703125 0.009375 0.00546875
0 0.19140625 0.2625 0.0078125 0.00390625
0 0.2453125 0.21015625 0.0125 0.01015625
0 0.34296875 0.18984375 0.015625 0.01015625
0 0.26171875 0.27578125 0.00625 0.003125
0 0.590625 0.10546875 0.01640625 0.0078125