0 0.43984375 0.56875 0.0328125 0.01953125
0 0.38515625 0.58515625 0.07109375 0.04296875
0 0.4984375 0.55546875 0.0265625 0.01796875
0 0.4703125 0.57890625 0.01171875 0.0078125
0 0.49140625 0.58046875 0.009375 0.00546875
0 0.4609375 0.59609375 0.01875 0.00625
0 0.28984375 0.58359375 0.0125 0.00625
0 0.59765625 0.5421875 0.0140625 0.01015625
0 0.575 0.63984375 0.01015625 0.01171875
0 0.64140625 0.65390625 0.03515625 0.0125
0 0.3046875 0.4140625 0.0125 0.0078125
0 0.31484375 0.39609375 0.01328125 0.0078125
0 0.33671875 0.40234375 0.0078125 0.0046875
0 0.24921875 0.43046875 0.01015625 0.009375
0 0.265625 0.46484375 0.01015625 0.00859375
0 0.240625 0.4953125 0.01875 0.021875
0 0.24453125 0.46171875 0.0265625 0.0390625
0 0.31875 0.48671875 0.015625 0.01640625
0 0.34765625 0.5 0.02265625 0.015625
0 0.3390625 0.51484375 0.00703125 0.00703125
0 0.25703125 0.5828125 0.0265625 0.0125
0 0.41875 0.41640625 0.0125 0.009375
0 0.40859375 0.3890625 0.01015625 0.0046875
0 0.40546875 0.4078125 0.0109375 0.00859375
0 0.41953125 0.32109375 0.0109375 0.00625
0 0.57109375 0.3125 0.00703125 0.00625
0 0.3171875 0.428125 0.0125 0.009375