0 0.09140625 0.48125 0.01875 0.01328125
0 0.10078125 0.49921875 0.01640625 0.0109375
0 0.13125 0.54140625 0.01015625 0.0046875
0 0.1421875 0.53046875 0.0125 0.01015625
0 0.08125 0.55390625 0.01015625 0.00546875
0 0.08515625 0.4546875 0.0171875 0.01171875
0 0.0921875 0.4453125 0.0109375 0.00625
0 0.06640625 0.43515625 0.01171875 0.00703125
0 0.12265625 0.43359375 0.0171875 0.0125
0 0.0828125 0.41796875 0.03671875 0.02578125
0 0.05859375 0.415625 0.00703125 0.00703125
0 0.06328125 0.45390625 0.00859375 0.00390625
0 0.07578125 0.3734375 0.0109375 0.009375
0 0.11875 0.38203125 0.0078125 0.0078125
0 0.18984375 0.353125 0.01015625 0.00859375
0 0.18359375 0.359375 0.0046875 0.00390625
0 0.1578125 0.3328125 0.02421875 0.01875
0 0.16796875 0.29609375 0.02265625 0.0234375
0 0.20859375 0.3046875 0.00859375 0.00703125
0 0.21953125 0.33671875 0.0078125 0.00546875
0 0.26640625 0.359375 0.0109375 0.00390625
0 0.2546875 0.4125 0.009375 0.0046875
0 0.21953125 0.45546875 0.0296875 0.02734375
0 0.2765625 0.4703125 0.03046875 0.01640625
0 0.2671875 0.49609375 0.009375 0.00859375
0 0.3328125 0.265625 0.0140625 0.00625
0 0.33203125 0.30078125 0.01484375 0.01171875
0 0.35859375 0.3125 0.01640625 0.01484375
0 0.33671875 0.3296875 0.00859375 0.00625
0 0.22734375 0.2203125 0.00703125 0.00546875
0 0.23515625 0.2265625 0.00390625 0.00390625
0 0.1703125 0.20625 0.00625 0.00546875
0 0.2265625 0.1515625 0.01640625 0.01640625
0 0.3234375 0.14140625 0.01640625 0.0109375