0 0.16953125 0.45546875 0.021875 0.015625
0 0.13359375 0.44375 0.01328125 0.00859375
0 0.13359375 0.4171875 0.0140625 0.0078125
0 0.171875 0.43359375 0.009375 0.00546875
0 0.175 0.48359375 0.0125 0.0078125
0 0.2296875 0.48203125 0.01640625 0.009375
0 0.28125 0.4640625 0.01796875 0.00703125
0 0.28125 0.471875 0.0125 0.00546875
0 0.25546875 0.50234375 0.01484375 0.00859375
0 0.28359375 0.5171875 0.01640625 0.00859375
0 0.29140625 0.4875 0.0046875 0.0046875
0 0.121875 0.465625 0.0046875 0.00390625
0 0.12109375 0.4734375 0.0046875 0.00390625
0 0.11328125 0.4703125 0.00546875 0.0046875
0 0.25546875 0.52109375 0.03046875 0.0171875
0 0.303125 0.5359375 0.05859375 0.01484375
0 0.384375 0.534375 0.01875 0.0125
0 0.353125 0.53828125 0.021875 0.01484375
0 0.58671875 0.3734375 0.01640625 0.01171875
0 0.66953125 0.48203125 0.01953125 0.0109375
0 0.6609375 0.46328125 0.00703125 0.00390625
0 0.678125 0.4671875 0.00625 0.0046875
0 0.6890625 0.47109375 0.00546875 0.00390625
0 0.65078125 0.478125 0.00546875 0.00390625
0 0.63203125 0.1671875 0.01484375 0.009375
0 0.80390625 0.06015625 0.00390625 0.003125
0 0.79765625 0.0640625 0.00234375 0.003125
0 0.79140625 0.0625 0.00234375 0.003125
0 0.78671875 0.05859375 0.00234375 0.00234375
0 0.80546875 0.0484375 0.00234375 0.00234375
0 0.81328125 0.065625 0.00234375 0.003125
0 0.809375 0.06875 0.00234375 0.00234375