0 0.4328125 0.38984375 0.0234375 0.0140625
0 0.54375 0.31796875 0.01875 0.01171875
0 0.57578125 0.4125 0.0359375 0.021875
0 0.66484375 0.425 0.04296875 0.021875
0 0.703125 0.41640625 0.0140625 0.0203125
0 0.72734375 0.4125 0.02109375 0.0171875
0 0.7578125 0.4109375 0.01328125 0.00625
0 0.75078125 0.42734375 0.01171875 0.0203125
0 0.78828125 0.4296875 0.0125 0.01953125
0 0.65625 0.3875 0.02265625 0.0140625
0 0.7109375 0.37421875 0.01875 0.0140625
0 0.728125 0.39375 0.01171875 0.00625
0 0.63203125 0.40234375 0.0125 0.00859375
0 0.60625 0.39140625 0.01484375 0.00859375
0 0.08359375 0.4296875 0.02578125 0.01484375
0 0.15234375 0.44609375 0.0171875 0.00703125
0 0.1875 0.39140625 0.01328125 0.009375
0 0.46484375 0.2859375 0.0140625 0.01015625
0 0.48515625 0.29140625 0.015625 0.01171875
0 0.46328125 0.32734375 0.01484375 0.00859375
0 0.89375 0.4125 0.0140625 0.01015625
0 0.9 0.4484375 0.01484375 0.01171875
0 0.94609375 0.45546875 0.02421875 0.01953125
0 0.9703125 0.4625 0.0140625 0.00859375
0 0.7546875 0.48828125 0.0234375 0.015625
0 0.7625 0.47265625 0.0203125 0.00625
0 0.84296875 0.453125 0.01796875 0.009375
0 0.85859375 0.46484375 0.01328125 0.00546875
0 0.89375 0.47109375 0.01015625 0.0078125
0 0.87265625 0.41484375 0.0078125 0.01484375
0 0.7671875 0.42109375 0.0140625 0.00859375
0 0.53359375 0.4015625 0.00703125 0.00625
0 0.66328125 0.459375 0.009375 0.00625
0 0.6125 0.4140625 0.00859375 0.01328125
0 0.73984375 0.4359375 0.00703125 0.0109375
0 0.784375 0.4140625 0.009375 0.00546875
0 0.7984375 0.41796875 0.0125 0.00703125
0 0.91640625 0.425 0.00703125 0.00546875
0 0.91171875 0.45703125 0.00546875 0.0046875
0 0.89921875 0.45703125 0.0078125 0.00390625
0 0.92734375 0.45703125 0.00546875 0.00625
0 0.95703125 0.4703125 0.01015625 0.0078125
0 0.92734375 0.42890625 0.00703125 0.0078125
0 0.78671875 0.45546875 0.009375 0.00546875
0 0.634375 0.41875 0.009375 0.00546875
0 0.57734375 0.37734375 0.0109375 0.00390625
0 0.5765625 0.3890625 0.00625 0.003125
0 0.553125 0.4625 0.01015625 0.0046875
0 0.5296875 0.428125 0.00546875 0.00390625
0 0.5703125 0.43828125 0.009375 0.00390625
0 0.63046875 0.4375 0.0078125 0.00546875
0 0.6140625 0.4359375 0.0046875 0.0046875
0 0.615625 0.45 0.00859375 0.003125