0 0.1953125 0.3453125 0.03125 0.01640625
0 0.26953125 0.32734375 0.0265625 0.01796875
0 0.2296875 0.29765625 0.03984375 0.0296875
0 0.19375 0.2921875 0.0140625 0.0109375
0 0.18984375 0.375 0.03515625 0.0171875
0 0.1875 0.39765625 0.028125 0.0140625
0 0.38828125 0.37734375 0.034375 0.04140625
0 0.46953125 0.4015625 0.025 0.01640625
0 0.38046875 0.2359375 0.02734375 0.021875
0 0.45703125 0.225 0.015625 0.01171875
0 0.4125 0.265625 0.02265625 0.0171875
0 0.45703125 0.2578125 0.01640625 0.01171875
0 0.6171875 0.24140625 0.025 0.0171875
0 0.6515625 0.25546875 0.0265625 0.01796875
0 0.615625 0.2671875 0.02265625 0.0125
0 0.43359375 0.4296875 0.015625 0.01640625
0 0.82265625 0.28046875 0.0234375 0.01953125
0 0.54453125 0.09140625 0.0171875 0.0140625
0 0.4125 0.2015625 0.021875 0.0234375
0 0.30078125 0.2765625 0.021875 0.015625
0 0.66171875 0.096875 0.02734375 0.01875