0 0.2109375 0.4921875 0.04375 0.02734375
0 0.4234375 0.5078125 0.0375 0.03515625
0 0.4828125 0.415625 0.01640625 0.00859375
0 0.6765625 0.30390625 0.046875 0.0265625
0 0.646875 0.34375 0.02734375 0.01875
0 0.5765625 0.32890625 0.01640625 0.015625
0 0.5765625 0.29375 0.0125 0.0078125
0 0.3375 0.275 0.02578125 0.01953125
0 0.3671875 0.29765625 0.02421875 0.0125
0 0.3421875 0.33984375 0.0203125 0.01875
0 0.5765625 0.13359375 0.0609375 0.03359375
0 0.6390625 0.17578125 0.0421875 0.0265625
0 0.63203125 0.2828125 0.0125 0.009375
0 0.7640625 0.2640625 0.0125 0.00859375
0 0.7765625 0.21484375 0.02265625 0.0140625
0 0.77734375 0.175 0.01171875 0.00546875
0 0.84140625 0.17265625 0.0234375 0.0125
0 0.83046875 0.23671875 0.04609375 0.0359375
0 0.79921875 0.11484375 0.0125 0.0078125
0 0.86875 0.08828125 0.0109375 0.0078125
0 0.8765625 0.096875 0.0078125 0.00625
0 0.8671875 0.21875 0.02109375 0.0109375
0 0.84765625 0.1984375 0.01796875 0.00859375
0 0.90390625 0.21796875 0.00703125 0.00546875
0 0.87734375 0.19609375 0.0109375 0.00703125
0 0.184375 0.13203125 0.015625 0.009375
0 0.57734375 0.42890625 0.015625 0.0109375