0 0.69765625 0.1703125 0.0328125 0.0125
0 0.6953125 0.15546875 0.0125 0.00859375
0 0.64609375 0.13828125 0.0109375 0.00703125
0 0.62734375 0.1328125 0.00859375 0.00625
0 0.571875 0.18125 0.0296875 0.01640625
0 0.51640625 0.18359375 0.028125 0.01640625
0 0.50390625 0.16796875 0.01171875 0.009375
0 0.5734375 0.21171875 0.009375 0.00625
0 0.59765625 0.24296875 0.0109375 0.00546875
0 0.6859375 0.26796875 0.01015625 0.00625
0 0.65390625 0.25078125 0.0078125 0.00546875
0 0.66484375 0.2296875 0.01171875 0.01015625
0 0.7015625 0.23359375 0.0203125 0.0125
0 0.7203125 0.25390625 0.02734375 0.01640625
0 0.7609375 0.21640625 0.01328125 0.009375
0 0.7890625 0.36328125 0.021875 0.01640625
0 0.7203125 0.409375 0.01796875 0.01015625
0 0.528125 0.54921875 0.01484375 0.0125
0 0.3765625 0.5859375 0.00703125 0.0046875
0 0.3875 0.5796875 0.00390625 0.003125
0 0.39140625 0.57421875 0.00390625 0.003125
0 0.43046875 0.5796875 0.00546875 0.00234375
0 0.44140625 0.58125 0.0046875 0.003125
0 0.5578125 0.303125 0.01953125 0.01171875
0 0.61640625 0.328125 0.0125 0.00703125
0 0.58828125 0.303125 0.0140625 0.00703125
0 0.58046875 0.11484375 0.00625 0.0046875
0 0.47890625 0.28515625 0.0109375 0.00625
0 0.45546875 0.32734375 0.0046875 0.00390625
0 0.503125 0.33203125 0.0046875 0.003125
0 0.5234375 0.33359375 0.003125 0.003125
0 0.428125 0.59140625 0.0046875 0.003125