0 0.684375 0.25078125 0.0125 0.02265625
0 0.48203125 0.07265625 0.0078125 0.00859375
0 0.5109375 0.07421875 0.01640625 0.01328125
0 0.559375 0.08984375 0.01640625 0.01875
0 0.60390625 0.0953125 0.02734375 0.0125
0 0.5609375 0.1390625 0.0078125 0.01171875
0 0.63671875 0.10078125 0.0171875 0.01328125
0 0.61875 0.1171875 0.0125 0.01328125
0 0.39609375 0.07421875 0.02734375 0.0171875
0 0.39609375 0.0578125 0.01484375 0.01171875
0 0.35859375 0.21171875 0.02265625 0.01796875
0 0.384375 0.24140625 0.03046875 0.015625
0 0.45703125 0.2015625 0.02890625 0.015625
0 0.63125 0.2609375 0.00703125 0.0171875
0 0.72890625 0.27890625 0.0046875 0.015625
0 0.69296875 0.3140625 0.0296875 0.01328125
0 0.88125 0.4375 0.0046875 0.01640625
0 0.83125 0.52578125 0.01328125 0.01328125
0 0.79765625 0.39765625 0.025 0.0125
0 0.84453125 0.3484375 0.00703125 0.01328125
0 0.73359375 0.1890625 0.00703125 0.01328125
0 0.68046875 0.14765625 0.0125 0.01796875
0 0.71875 0.77265625 0.02734375 0.01171875
0 0.5640625 0.43046875 0.0234375 0.02109375
0 0.64921875 0.44296875 0.01484375 0.01875
0 0.559375 0.3171875 0.0140625 0.00546875
0 0.74609375 0.359375 0.0171875 0.0078125
0 0.60078125 0.121875 0.0265625 0.025
0 0.628125 0.128125 0.0125 0.028125
0 0.66171875 0.13671875 0.01484375 0.01484375
0 0.45546875 0.97578125 0.0109375 0.00625
0 0.6015625 0.86015625 0.0046875 0.0140625
0 0.65859375 0.86875 0.00625 0.01171875
0 0.65390625 0.8421875 0.01484375 0.0078125
0 0.7015625 0.8515625 0.01640625 0.00390625