0 0.40703125 0.303125 0.02265625 0.01171875
0 0.23984375 0.275 0.00703125 0.01015625
0 0.259375 0.26953125 0.00390625 0.0015625
0 0.240625 0.28671875 0.00390625 0.00234375
0 0.2421875 0.26640625 0.00234375 0.00234375
0 0.25078125 0.28359375 0.003125 0.0015625
0 0.26484375 0.2765625 0.00234375 0.0015625
0 0.6328125 0.4734375 0.01484375 0.01015625
0 0.5234375 0.69140625 0.01640625 0.0078125
0 0.48046875 0.690625 0.003125 0.00234375
0 0.5171875 0.68125 0.009375 0.0046875
0 0.7046875 0.70234375 0.00859375 0.009375
0 0.68359375 0.68203125 0.009375 0.00859375
0 0.66953125 0.68671875 0.00390625 0.003125
0 0.68671875 0.6890625 0.00546875 0.00390625
0 0.67265625 0.69375 0.00390625 0.003125
0 0.68828125 0.6734375 0.00390625 0.003125
0 0.696875 0.671875 0.003125 0.00234375
0 0.46328125 0.09765625 0.01484375 0.0109375
0 0.45546875 0.08984375 0.0078125 0.0046875
0 0.40703125 0.06484375 0.0125 0.00703125
0 0.43359375 0.059375 0.01015625 0.00703125
0 0.465625 0.05703125 0.0125 0.009375
0 0.4875 0.034375 0.00859375 0.00546875
0 0.51875 0.04609375 0.01640625 0.01015625
0 0.5453125 0.03828125 0.009375 0.0046875
0 0.57890625 0.05859375 0.0125 0.00859375
0 0.54296875 0.06328125 0.00703125 0.0046875
0 0.37578125 0.0984375 0.009375 0.01171875
0 0.36875 0.0921875 0.00625 0.00859375
0 0.340625 0.1015625 0.0171875 0.00859375
0 0.35546875 0.08515625 0.01640625 0.01015625
0 0.41640625 0.05234375 0.02421875 0.01171875