0 0.47421875 0.1203125 0.0234375 0.01953125
0 0.45859375 0.15234375 0.01875 0.015625
0 0.5046875 0.1828125 0.02109375 0.01796875
0 0.55859375 0.19765625 0.01796875 0.02734375
0 0.5109375 0.21796875 0.0140625 0.0171875
0 0.51953125 0.24609375 0.02109375 0.01953125
0 0.56640625 0.28828125 0.02734375 0.0171875
0 0.53984375 0.36015625 0.028125 0.021875
0 0.47109375 0.05546875 0.0203125 0.01171875
0 0.4515625 0.0890625 0.0203125 0.01328125
0 0.49453125 0.0953125 0.01640625 0.01171875
0 0.41640625 0.146875 0.00625 0.003125
0 0.44765625 0.175 0.0078125 0.00546875
0 0.42734375 0.1765625 0.0046875 0.00390625
0 0.4390625 0.16328125 0.00390625 0.00390625
0 0.4140625 0.115625 0.00546875 0.003125
0 0.47109375 0.20546875 0.0046875 0.00625
0 0.4609375 0.2125 0.01328125 0.0046875
0 0.50234375 0.24296875 0.0078125 0.01015625
0 0.5515625 0.2234375 0.00625 0.0046875
0 0.5 0.30859375 0.02265625 0.01640625
0 0.5328125 0.29375 0.01328125 0.0046875
0 0.47890625 0.24609375 0.0125 0.0046875
0 0.4765625 0.22734375 0.00859375 0.00625
0 0.49375 0.2234375 0.0140625 0.00625
0 0.44921875 0.1984375 0.0046875 0.00234375
0 0.4609375 0.2234375 0.00546875 0.00546875
0 0.47578125 0.21796875 0.0078125 0.00546875
0 0.525 0.28203125 0.00703125 0.0046875
0 0.53125 0.2765625 0.003125 0.00234375
0 0.5390625 0.27578125 0.00546875 0.003125
0 0.66640625 0.24921875 0.00859375 0.00625
0 0.6828125 0.2625 0.00859375 0.00703125
0 0.66484375 0.31484375 0.0109375 0.015625
0 0.653125 0.31640625 0.00390625 0.00234375
0 0.6234375 0.33671875 0.0046875 0.003125
0 0.6390625 0.36328125 0.00390625 0.00234375
0 0.45625 0.19140625 0.003125 0.003125
0 0.41953125 0.23359375 0.00546875 0.00703125
0 0.484375 0.23046875 0.00546875 0.00546875
0 0.49296875 0.25390625 0.00390625 0.003125
0 0.49140625 0.27265625 0.0046875 0.003125
0 0.5484375 0.4953125 0.02109375 0.00390625