0 0.34765625 0.67109375 0.00859375 0.00546875
0 0.3671875 0.6921875 0.00546875 0.00546875
0 0.39609375 0.690625 0.01640625 0.01171875
0 0.38125 0.67265625 0.00703125 0.00546875
0 0.41796875 0.70703125 0.00859375 0.00703125
0 0.44765625 0.6890625 0.01171875 0.00859375
0 0.4671875 0.659375 0.015625 0.015625
0 0.478125 0.69375 0.00859375 0.00703125
0 0.5015625 0.69453125 0.01015625 0.00859375
0 0.54375 0.6734375 0.00859375 0.0125
0 0.53046875 0.69375 0.0078125 0.00703125
0 0.48125 0.70546875 0.00859375 0.00390625
0 0.49609375 0.70390625 0.0140625 0.003125
0 0.3765625 0.71328125 0.01328125 0.00546875
0 0.4484375 0.71328125 0.00703125 0.00234375
0 0.4703125 0.7109375 0.00859375 0.00546875
0 0.55703125 0.6859375 0.00859375 0.00390625
0 0.57421875 0.675 0.01328125 0.00546875
0 0.73125 0.53984375 0.003125 0.01171875
0 0.7125 0.53671875 0.00390625 0.01640625
0 0.7359375 0.52578125 0.021875 0.0015625
0 0.7265625 0.5453125 0.00390625 0.00390625
0 0.60390625 0.48125 0.01015625 0.0078125
0 0.67578125 0.12890625 0.01015625 0.01328125
0 0.55078125 0.0984375 0.00390625 0.01328125
0 0.5625 0.09765625 0.003125 0.0109375
0 0.5421875 0.1046875 0.00234375 0.00390625
0 0.54296875 0.08125 0.00390625 0.00625
0 0.5359375 0.10390625 0.0015625 0.0046875
0 0.49453125 0.28515625 0.00703125 0.00625
0 0.5140625 0.7 0.00625 0.00390625
0 0.53984375 0.69140625 0.00546875 0.00703125
0 0.55234375 0.69140625 0.00390625 0.0046875
0 0.48671875 0.671875 0.00390625 0.0046875
0 0.4609375 0.71171875 0.00546875 0.00390625
0 0.43515625 0.71015625 0.0046875 0.00390625