0 0.76796875 0.48828125 0.02734375 0.02578125
0 0.39921875 0.559375 0.0453125 0.0328125
0 0.3703125 0.58515625 0.02890625 0.02265625
0 0.33515625 0.51171875 0.040625 0.0421875
0 0.22265625 0.44375 0.0328125 0.02578125
0 0.18359375 0.40625 0.040625 0.04453125
0 0.14765625 0.390625 0.01875 0.0171875
0 0.14375 0.42109375 0.0328125 0.01796875
0 0.1515625 0.45625 0.04375 0.0265625
0 0.1421875 0.49453125 0.0453125 0.03203125
0 0.146875 0.521875 0.02734375 0.02109375
0 0.17890625 0.58125 0.02734375 0.02265625
0 0.34296875 0.32265625 0.0390625 0.02890625
0 0.43125 0.309375 0.03125 0.0265625
0 0.596875 0.35 0.0265625 0.02421875
0 0.6296875 0.37578125 0.02890625 0.0265625
0 0.6203125 0.30078125 0.02734375 0.01796875
0 0.378125 0.27265625 0.02890625 0.01640625
0 0.2 0.34375 0.0328125 0.02109375
0 0.25390625 0.37265625 0.01640625 0.02109375
0 0.3703125 0.36015625 0.02421875 0.021875
0 0.42578125 0.353125 0.0203125 0.0140625
0 0.56328125 0.10078125 0.03359375 0.028125
0 0.70546875 0.1234375 0.0265625 0.02578125
0 0.51875 0.196875 0.02734375 0.01953125
0 0.44921875 0.15390625 0.0203125 0.0171875