0 0.33125 0.471875 0.01328125 0.00625
0 0.54140625 0.425 0.015625 0.00859375
0 0.61953125 0.4109375 0.01484375 0.01484375
0 0.625 0.3921875 0.00390625 0.003125
0 0.61796875 0.35859375 0.00703125 0.00390625
0 0.66796875 0.2953125 0.01796875 0.021875
0 0.63515625 0.29140625 0.01015625 0.00625
0 0.67578125 0.26484375 0.021875 0.0140625
0 0.65 0.24921875 0.009375 0.00546875
0 0.65546875 0.24375 0.0046875 0.003125
0 0.62578125 0.26328125 0.00625 0.00546875
0 0.5859375 0.240625 0.01015625 0.0046875
0 0.53359375 0.325 0.01328125 0.00703125
0 0.5109375 0.284375 0.01484375 0.0125
0 0.534375 0.29375 0.01328125 0.00859375
0 0.6640625 0.36484375 0.00625 0.0046875
0 0.57421875 0.14453125 0.03125 0.01484375
0 0.58515625 0.1203125 0.009375 0.00859375
0 0.62421875 0.159375 0.0265625 0.025
0 0.6984375 0.08203125 0.009375 0.00546875
0 0.7234375 0.12265625 0.01171875 0.0078125
0 0.7328125 0.134375 0.01171875 0.0109375
0 0.7078125 0.1796875 0.01328125 0.009375
0 0.73671875 0.16328125 0.02734375 0.01640625
0 0.753125 0.17890625 0.01015625 0.00859375
0 0.73671875 0.1953125 0.0296875 0.025
0 0.7578125 0.19609375 0.009375 0.0078125