0 0.3171875 0.078125 0.01640625 0.01484375
0 0.31953125 0.11015625 0.01953125 0.0109375
0 0.365625 0.1 0.0140625 0.00703125
0 0.36171875 0.125 0.02890625 0.015625
0 0.36796875 0.15859375 0.015625 0.01015625
0 0.29296875 0.1421875 0.01015625 0.00703125
0 0.32265625 0.1734375 0.009375 0.00703125
0 0.353125 0.19609375 0.01015625 0.009375
0 0.37265625 0.184375 0.0078125 0.0078125
0 0.43359375 0.1671875 0.0203125 0.0140625
0 0.4609375 0.19765625 0.0140625 0.01015625
0 0.496875 0.17109375 0.0171875 0.015625
0 0.50859375 0.1921875 0.009375 0.009375
0 0.49453125 0.221875 0.0234375 0.01640625
0 0.415625 0.2 0.00859375 0.00703125
0 0.41015625 0.2125 0.01171875 0.009375
0 0.4640625 0.21015625 0.0140625 0.00625
0 0.47265625 0.2234375 0.01171875 0.00703125
0 0.5390625 0.2640625 0.01328125 0.01171875
0 0.571875 0.246875 0.0296875 0.01640625
0 0.5140625 0.29296875 0.0328125 0.0171875
0 0.596875 0.33046875 0.021875 0.01328125
0 0.70703125 0.4859375 0.0234375 0.01015625
0 0.696875 0.45390625 0.00546875 0.00390625
0 0.69375 0.46640625 0.0078125 0.00390625
0 0.715625 0.475 0.00546875 0.00390625
0 0.7296875 0.48046875 0.0046875 0.00390625
0 0.30390625 0.1375 0.009375 0.00546875
0 0.39140625 0.19375 0.00625 0.00546875
0 0.52265625 0.2546875 0.00859375 0.00546875
0 0.45234375 0.234375 0.0140625 0.0078125
0 0.4765625 0.23125 0.01171875 0.00859375
0 0.45 0.209375 0.01328125 0.0078125
0 0.4453125 0.21953125 0.01015625 0.00703125
0 0.40234375 0.20390625 0.0046875 0.00234375
0 0.38984375 0.20625 0.00546875 0.00546875
0 0.3828125 0.2625 0.0125 0.00703125