0 0.4953125 0.47734375 0.0328125 0.0171875
0 0.54765625 0.4671875 0.01875 0.0109375
0 0.4453125 0.4546875 0.05 0.0203125
0 0.5578125 0.475 0.00546875 0.003125
0 0.4265625 0.43671875 0.0078125 0.00546875
0 0.478125 0.434375 0.015625 0.01015625
0 0.53671875 0.4390625 0.01015625 0.00546875
0 0.5625 0.5421875 0.0125 0.0078125
0 0.5234375 0.58203125 0.0265625 0.01328125
0 0.6609375 0.5640625 0.02421875 0.015625
0 0.60078125 0.578125 0.07890625 0.03046875
0 0.69296875 0.57265625 0.021875 0.01953125
0 0.746875 0.48828125 0.05234375 0.01875
0 0.80859375 0.446875 0.04140625 0.02265625
0 0.85078125 0.46484375 0.0125 0.0078125
0 0.2640625 0.3515625 0.02578125 0.0140625
0 0.3609375 0.38125 0.0078125 0.0046875
0 0.30703125 0.2953125 0.01875 0.0109375
0 0.5375 0.346875 0.01875 0.00859375
0 0.4828125 0.33671875 0.0125 0.0109375
0 0.5671875 0.33359375 0.02109375 0.0125
0 0.68515625 0.44140625 0.009375 0.01015625
0 0.603125 0.40625 0.009375 0.00703125
0 0.3703125 0.15390625 0.009375 0.0078125