0 0.40078125 0.5234375 0.01953125 0.01015625
0 0.50703125 0.428125 0.02578125 0.01484375
0 0.53125 0.40703125 0.021875 0.0140625
0 0.584375 0.4171875 0.01640625 0.01015625
0 0.77265625 0.43984375 0.021875 0.0140625
0 0.78125 0.35234375 0.03125 0.015625
0 0.67890625 0.33515625 0.00859375 0.00703125
0 0.71015625 0.28828125 0.0078125 0.00546875
0 0.57578125 0.26171875 0.040625 0.02109375
0 0.5546875 0.29609375 0.01328125 0.009375
0 0.50234375 0.29921875 0.009375 0.00703125
0 0.48828125 0.26796875 0.015625 0.00703125
0 0.47578125 0.259375 0.00546875 0.00390625
0 0.52421875 0.24296875 0.03125 0.02578125
0 0.275 0.31015625 0.02890625 0.0296875
0 0.31796875 0.265625 0.05 0.025
0 0.37265625 0.178125 0.03046875 0.01953125
0 0.41875 0.11953125 0.01875 0.0125
0 0.3828125 0.1234375 0.015625 0.0125
0 0.3453125 0.13125 0.025 0.01640625
0 0.29921875 0.13046875 0.015625 0.01015625
0 0.26953125 0.13671875 0.021875 0.01875
0 0.19140625 0.15390625 0.01015625 0.01015625
0 0.20625 0.16640625 0.0140625 0.01171875
0 0.4109375 0.14609375 0.0578125 0.03515625
0 0.45625 0.18984375 0.01640625 0.00859375
0 0.47890625 0.14765625 0.02578125 0.0203125
0 0.23671875 0.296875 0.0171875 0.0125