0 0.10625 0.45859375 0.0046875 0.003125
0 0.1171875 0.44296875 0.00390625 0.00234375
0 0.125 0.44140625 0.00390625 0.00234375
0 0.11953125 0.4515625 0.00546875 0.003125
0 0.125 0.45 0.003125 0.00234375
0 0.13125 0.45078125 0.00390625 0.003125
0 0.1359375 0.4546875 0.00390625 0.00234375
0 0.13671875 0.46015625 0.003125 0.00234375
0 0.09921875 0.45859375 0.0046875 0.003125
0 0.37578125 0.4578125 0.009375 0.00625
0 0.6140625 0.33671875 0.01796875 0.01484375
0 0.6515625 0.22265625 0.003125 0.003125
0 0.65390625 0.2296875 0.003125 0.003125
0 0.6640625 0.22421875 0.0046875 0.00546875
0 0.67109375 0.22421875 0.00546875 0.00390625
0 0.678125 0.2265625 0.00390625 0.003125
0 0.67421875 0.23828125 0.003125 0.003125
0 0.878125 0.40625 0.01171875 0.009375
0 0.88828125 0.4 0.00625 0.0046875
0 0.9296875 0.41171875 0.01015625 0.00859375
0 0.93125 0.38828125 0.0109375 0.0078125
0 0.9265625 0.36796875 0.01171875 0.0078125
0 0.8875 0.3421875 0.01328125 0.00625
0 0.89375 0.3375 0.00625 0.00390625
0 0.95859375 0.43125 0.009375 0.00625
0 0.93828125 0.45234375 0.01875 0.01171875
0 0.9140625 0.46796875 0.0078125 0.00703125
0 0.94609375 0.4734375 0.0078125 0.00625
0 0.91796875 0.4953125 0.01328125 0.00859375
0 0.8859375 0.31484375 0.01015625 0.01171875
0 0.9046875 0.328125 0.0171875 0.0140625
0 0.94296875 0.37421875 0.01640625 0.02109375
0 0.97109375 0.4640625 0.0046875 0.0015625
0 0.975 0.46015625 0.00390625 0.00234375
0 0.9765625 0.465625 0.00390625 0.00234375