0 0.3390625 0.48359375 0.01328125 0.00703125
0 0.54453125 0.43828125 0.01640625 0.0078125
0 0.6203125 0.42578125 0.0140625 0.0140625
0 0.17890625 0.465625 0.003125 0.00234375
0 0.1828125 0.475 0.003125 0.0015625
0 0.1703125 0.47734375 0.00390625 0.00234375
0 0.2296875 0.471875 0.00546875 0.00390625
0 0.24453125 0.46640625 0.003125 0.0015625
0 0.2390625 0.46953125 0.003125 0.0015625
0 0.25234375 0.4921875 0.00390625 0.00234375
0 0.26328125 0.48125 0.003125 0.0015625
0 0.26875 0.48515625 0.00390625 0.0015625
0 0.61953125 0.375 0.00703125 0.00390625
0 0.6640625 0.38125 0.00546875 0.00390625
0 0.5390625 0.309375 0.015625 0.00859375
0 0.51640625 0.3 0.0140625 0.01171875
0 0.53828125 0.33984375 0.01015625 0.00703125
0 0.6703125 0.31171875 0.01640625 0.01953125
0 0.63828125 0.30703125 0.00859375 0.00703125
0 0.6796875 0.28203125 0.021875 0.0140625
0 0.6296875 0.28046875 0.00625 0.00546875
0 0.65390625 0.26640625 0.009375 0.00703125
0 0.66015625 0.26015625 0.003125 0.00234375
0 0.7390625 0.284375 0.009375 0.00625
0 0.74375 0.2125 0.0265625 0.028125
0 0.7609375 0.2140625 0.0078125 0.009375
0 0.75703125 0.19453125 0.009375 0.00625
0 0.71328125 0.19609375 0.01640625 0.01015625
0 0.71328125 0.18203125 0.0140625 0.00625
0 0.73515625 0.18359375 0.01328125 0.0109375
0 0.74453125 0.17578125 0.009375 0.00859375
0 0.7578125 0.175 0.01171875 0.00703125
0 0.73828125 0.153125 0.015625 0.0125
0 0.7296875 0.1390625 0.009375 0.00703125
0 0.69140625 0.18125 0.00234375 0.0015625
0 0.66953125 0.1890625 0.0046875 0.003125
0 0.63203125 0.175 0.02421875 0.02578125
0 0.61796875 0.18203125 0.003125 0.00234375
0 0.6046875 0.17109375 0.0046875 0.003125
0 0.58359375 0.15859375 0.02734375 0.01953125
0 0.59296875 0.1359375 0.01171875 0.0078125