0 0.328125 0.2546875 0.0203125 0.0203125
0 0.35703125 0.27578125 0.01640625 0.01640625
0 0.40078125 0.25546875 0.01953125 0.0203125
0 0.43125 0.228125 0.028125 0.01328125
0 0.43828125 0.2640625 0.01640625 0.01328125
0 0.471875 0.26875 0.0203125 0.01484375
0 0.5296875 0.25234375 0.01640625 0.0125
0 0.596875 0.29609375 0.01640625 0.01953125
0 0.26640625 0.23671875 0.01796875 0.0109375
0 0.31015625 0.23515625 0.0109375 0.01328125
0 0.29375 0.259375 0.01796875 0.0140625
0 0.30234375 0.284375 0.00859375 0.0171875
0 0.33828125 0.29921875 0.009375 0.01328125
0 0.4140625 0.284375 0.01328125 0.0078125
0 0.52421875 0.2765625 0.0109375 0.01171875
0 0.52734375 0.3 0.01796875 0.015625
0 0.45625 0.23984375 0.009375 0.01015625
0 0.59140625 0.19765625 0.025 0.0140625
0 0.54296875 0.16796875 0.01796875 0.01015625
0 0.75 0.33984375 0.015625 0.01796875
0 0.37890625 0.28984375 0.0109375 0.01328125
0 0.4125 0.29296875 0.01328125 0.003125
0 0.5078125 0.27421875 0.00546875 0.01015625
0 0.4515625 0.275 0.01640625 0.00703125
0 0.4265625 0.2859375 0.009375 0.01484375
0 0.7265625 0.33046875 0.0046875 0.00390625