0 0.25078125 0.15703125 0.0296875 0.01640625
0 0.178125 0.1484375 0.02421875 0.0125
0 0.2078125 0.16640625 0.01875 0.01953125
0 0.33125 0.15625 0.0171875 0.015625
0 0.41171875 0.165625 0.02265625 0.015625
0 0.5625 0.19921875 0.025 0.02265625
0 0.2796875 0.1765625 0.025 0.01328125
0 0.37109375 0.134375 0.02265625 0.0046875
0 0.37265625 0.1640625 0.01953125 0.009375
0 0.39765625 0.14296875 0.0109375 0.00703125
0 0.30390625 0.19140625 0.01015625 0.01015625
0 0.346875 0.184375 0.00703125 0.00390625
0 0.26015625 0.20703125 0.00703125 0.00625
0 0.296875 0.209375 0.00625 0.00703125
0 0.22421875 0.1984375 0.0046875 0.00625
0 0.21484375 0.1984375 0.00546875 0.0046875
0 0.21875 0.190625 0.0046875 0.0046875
0 0.40078125 0.1765625 0.00703125 0.00625
0 0.4828125 0.15546875 0.021875 0.01796875
0 0.47578125 0.17890625 0.0109375 0.0109375
0 0.48125 0.20390625 0.01796875 0.0125
0 0.38359375 0.171875 0.01171875 0.0046875
0 0.325 0.190625 0.00390625 0.0046875
0 0.35078125 0.19609375 0.01875 0.00859375
0 0.74375 0.27109375 0.01171875 0.0203125
0 0.71796875 0.24765625 0.0015625 0.003125
0 0.72109375 0.2609375 0.00234375 0.003125
0 0.73515625 0.27890625 0.003125 0.00546875
0 0.5484375 0.1125 0.01953125 0.01015625
0 0.49296875 0.084375 0.009375 0.00859375
0 0.4546875 0.171875 0.00546875 0.00390625
0 0.38125 0.184375 0.00703125 0.00625
0 0.19296875 0.2140625 0.00625 0.00546875
0 0.19609375 0.22578125 0.00625 0.00703125
0 0.22890625 0.140625 0.01015625 0.00703125
0 0.3640625 0.19765625 0.003125 0.00390625
0 0.3734375 0.17890625 0.00390625 0.00390625
0 0.39765625 0.19453125 0.00390625 0.009375
0 0.41171875 0.1796875 0.00859375 0.0046875
0 0.4140625 0.18671875 0.00546875 0.003125
0 0.4171875 0.19296875 0.00625 0.00625
0 0.30390625 0.1765625 0.00390625 0.00546875
0 0.28671875 0.19375 0.00546875 0.003125