0 0.27578125 0.51640625 0.01875 0.01171875
0 0.3734375 0.5375 0.01484375 0.01015625
0 0.46953125 0.46171875 0.02890625 0.0171875
0 0.77578125 0.49609375 0.0125 0.009375
0 0.3640625 0.39921875 0.03203125 0.01953125
0 0.29609375 0.36171875 0.034375 0.0296875
0 0.2640625 0.39296875 0.01484375 0.01328125
0 0.30234375 0.38984375 0.0078125 0.0078125
0 0.31640625 0.40703125 0.009375 0.00859375
0 0.23203125 0.3359375 0.08515625 0.0546875
0 0.3078125 0.5796875 0.03515625 0.025
0 0.171875 0.26875 0.01328125 0.0078125
0 0.1375 0.29140625 0.02734375 0.01796875
0 0.15 0.24375 0.02890625 0.02890625
0 0.3265625 0.26328125 0.04765625 0.01484375
0 0.3421875 0.23828125 0.03359375 0.01640625
0 0.271875 0.20234375 0.009375 0.00625
0 0.30625 0.190625 0.009375 0.00703125
0 0.3375 0.1984375 0.0109375 0.00625
0 0.34140625 0.18125 0.03984375 0.01953125
0 0.440625 0.196875 0.01484375 0.0109375
0 0.4796875 0.21015625 0.00859375 0.00859375
0 0.521875 0.2640625 0.01875 0.0109375
0 0.5234375 0.25 0.00859375 0.009375
0 0.5546875 0.24296875 0.009375 0.00703125
0 0.8046875 0.29375 0.01328125 0.009375
0 0.65859375 0.21171875 0.01484375 0.01171875
0 0.71640625 0.5546875 0.01015625 0.0078125
0 0.428125 0.21328125 0.01640625 0.00859375
0 0.47109375 0.18984375 0.01640625 0.01015625
0 0.28359375 0.1953125 0.0109375 0.00625