0 0.24140625 0.33046875 0.02265625 0.009375
0 0.4609375 0.3625 0.03046875 0.01796875
0 0.509375 0.3609375 0.02578125 0.01171875
0 0.55078125 0.3984375 0.02109375 0.0109375
0 0.81796875 0.43671875 0.03125 0.02578125
0 0.72578125 0.37734375 0.01484375 0.00703125
0 0.803125 0.3453125 0.009375 0.009375
0 0.64296875 0.29765625 0.01484375 0.01015625
0 0.69453125 0.27890625 0.0515625 0.02578125
0 0.6671875 0.2484375 0.03125 0.0171875
0 0.7453125 0.21640625 0.01328125 0.00703125
0 0.59453125 0.27734375 0.0125 0.00859375
0 0.61015625 0.25 0.01484375 0.00859375
0 0.39453125 0.1796875 0.03984375 0.01796875
0 0.378125 0.1578125 0.021875 0.0140625
0 0.47421875 0.175 0.0453125 0.02578125
0 0.5953125 0.15390625 0.0234375 0.015625
0 0.478125 0.07890625 0.0140625 0.01015625
0 0.54921875 0.0984375 0.01640625 0.01484375
0 0.5765625 0.10625 0.01640625 0.0125
0 0.60859375 0.12109375 0.0140625 0.009375
0 0.60859375 0.13125 0.0171875 0.00625
0 0.64765625 0.1484375 0.05390625 0.0234375
0 0.646875 0.1296875 0.01484375 0.01015625
0 0.67734375 0.13671875 0.0140625 0.00859375
0 0.69375 0.12578125 0.0140625 0.0203125
0 0.70390625 0.1703125 0.01796875 0.0125