0 0.2984375 0.265625 0.01015625 0.0140625
0 0.28984375 0.29921875 0.00703125 0.01171875
0 0.19453125 0.35859375 0.015625 0.01875
0 0.18984375 0.415625 0.0140625 0.0203125
0 0.36328125 0.40703125 0.01171875 0.01171875
0 0.40078125 0.36640625 0.00546875 0.01640625
0 0.4671875 0.24140625 0.0078125 0.01171875
0 0.51015625 0.30546875 0.00703125 0.01796875
0 0.3359375 0.29296875 0.0125 0.01328125
0 0.1453125 0.28046875 0.01328125 0.01640625
0 0.09453125 0.3296875 0.00703125 0.01640625
0 0.16015625 0.41484375 0.00625 0.01171875
0 0.6359375 0.48046875 0.0078125 0.01328125
0 0.20078125 0.28359375 0.01640625 0.01640625
0 0.17109375 0.2625 0.015625 0.01796875
0 0.18515625 0.24375 0.0125 0.01328125
0 0.20625 0.2296875 0.01328125 0.0140625
0 0.21015625 0.24921875 0.01015625 0.00859375
0 0.2453125 0.2296875 0.0078125 0.01171875
0 0.28359375 0.21640625 0.00703125 0.01484375
0 0.246875 0.2578125 0.01015625 0.0046875
0 0.13515625 0.2953125 0.00625 0.00625
0 0.1109375 0.30625 0.01015625 0.02109375
0 0.3359375 0.25546875 0.01640625 0.01015625
0 0.3078125 0.3109375 0.01015625 0.01484375
0 0.41328125 0.2703125 0.00703125 0.015625
0 0.66953125 0.553125 0.00234375 0.01328125
0 0.671875 0.60234375 0.01328125 0.01484375
0 0.703125 0.65859375 0.015625 0.01796875
0 0.709375 0.7640625 0.009375 0.0125
0 0.68671875 0.5546875 0.0078125 0.0171875
0 0.6890625 0.525 0.0109375 0.0140625
0 0.65703125 0.58984375 0.00390625 0.01875
0 0.440625 0.2640625 0.01015625 0.0125
0 0.471875 0.27421875 0.0125 0.02578125
0 0.36875 0.38125 0.00390625 0.01484375
0 0.29453125 0.3546875 0.0015625 0.01796875
0 0.24140625 0.36875 0.00234375 0.01015625
0 0.12109375 0.40390625 0.009375 0.01796875
0 0.065625 0.29453125 0.00546875 0.01640625
0 0.17265625 0.421875 0.00625 0.02421875
0 0.18359375 0.36875 0.0046875 0.0109375
0 0.20625 0.35703125 0.0015625 0.0109375
0 0.18203125 0.28671875 0.00546875 0.01171875
0 0.1875 0.30625 0.0046875 0.0078125
0 0.20078125 0.25078125 0.0046875 0.015625
0 0.21484375 0.24296875 0.0109375 0.00703125
0 0.19765625 0.2625 0.00390625 0.00703125