0 0.54921875 0.8453125 0.00625 0.01015625
0 0.57734375 0.8265625 0.00703125 0.00625
0 0.56015625 0.7921875 0.0109375 0.0078125
0 0.56484375 0.80625 0.00703125 0.0078125
0 0.49765625 0.7890625 0.01328125 0.01171875
0 0.47421875 0.784375 0.01796875 0.009375
0 0.4421875 0.77109375 0.01640625 0.01171875
0 0.409375 0.7640625 0.01328125 0.0078125
0 0.4015625 0.740625 0.040625 0.0265625
0 0.4390625 0.75703125 0.01796875 0.0109375
0 0.44609375 0.7296875 0.02109375 0.01171875
0 0.46015625 0.74296875 0.01796875 0.01015625
0 0.35703125 0.71484375 0.01328125 0.01015625
0 0.39296875 0.696875 0.0109375 0.00625
0 0.3703125 0.63984375 0.0265625 0.01640625
0 0.4109375 0.63515625 0.01171875 0.00703125
0 0.4140625 0.64375 0.0046875 0.00390625
0 0.41640625 0.60703125 0.0109375 0.00703125
0 0.3765625 0.590625 0.0109375 0.0078125
0 0.34296875 0.60703125 0.04140625 0.01875
0 0.4734375 0.596875 0.01328125 0.00859375
0 0.51640625 0.64140625 0.0078125 0.00703125
0 0.59609375 0.66953125 0.03359375 0.0234375
0 0.6140625 0.6953125 0.01484375 0.00703125
0 0.534375 0.69140625 0.03671875 0.02109375
0 0.4203125 0.49375 0.0140625 0.01015625
0 0.48671875 0.51015625 0.021875 0.01328125
0 0.4578125 0.51875 0.01640625 0.00625
0 0.30859375 0.521875 0.00859375 0.00625
0 0.24296875 0.4765625 0.02109375 0.01640625
0 0.2953125 0.4140625 0.01875 0.01328125
0 0.31640625 0.6796875 0.00859375 0.00703125
0 0.4109375 0.225 0.0109375 0.009375