0 0.34609375 0.440625 0.0109375 0.01875
0 0.3921875 0.44375 0.0078125 0.00859375
0 0.465625 0.48125 0.00625 0.01171875
0 0.47578125 0.50078125 0.0078125 0.0140625
0 0.48671875 0.45703125 0.00703125 0.00546875
0 0.5453125 0.36796875 0.0109375 0.01484375
0 0.19296875 0.53984375 0.01640625 0.02578125
0 0.21328125 0.51328125 0.00703125 0.00703125
0 0.290625 0.56484375 0.01796875 0.0234375
0 0.246875 0.4765625 0.025 0.034375
0 0.2734375 0.44453125 0.0109375 0.0125
0 0.28984375 0.46640625 0.00703125 0.009375
0 0.21953125 0.4859375 0.00625 0.00859375
0 0.23046875 0.4671875 0.00625 0.00625
0 0.25390625 0.50546875 0.009375 0.01484375
0 0.22265625 0.50390625 0.0078125 0.0109375
0 0.18203125 0.55703125 0.0046875 0.0078125
0 0.1890625 0.55625 0.0078125 0.00703125
0 0.12265625 0.5828125 0.00703125 0.01328125
0 0.17578125 0.59609375 0.00546875 0.00625
0 0.15390625 0.59296875 0.00546875 0.0046875
0 0.23515625 0.640625 0.0078125 0.0125
0 0.31640625 0.60625 0.01953125 0.02265625
0 0.284375 0.62578125 0.0078125 0.01171875
0 0.30625 0.5640625 0.00625 0.0109375
0 0.34375 0.540625 0.00859375 0.0046875
0 0.27578125 0.5328125 0.0046875 0.00390625
0 0.253125 0.53046875 0.0046875 0.0046875
0 0.34921875 0.46953125 0.0078125 0.01171875
0 0.37734375 0.46796875 0.00625 0.00703125
0 0.38984375 0.49921875 0.0078125 0.00859375
0 0.37578125 0.415625 0.009375 0.01484375
0 0.45078125 0.3875 0.00625 0.009375
0 0.4828125 0.35078125 0.00703125 0.0125
0 0.7265625 0.4109375 0.0125 0.0109375
0 0.8078125 0.42109375 0.003125 0.0046875
0 0.7890625 0.43046875 0.00234375 0.003125
0 0.87578125 0.47421875 0.0046875 0.0046875
0 0.815625 0.46171875 0.00234375 0.0046875
0 0.8015625 0.4625 0.00390625 0.00625
0 0.7921875 0.4359375 0.0046875 0.00703125
0 0.790625 0.40234375 0.00390625 0.00390625
0 0.93359375 0.52890625 0.00390625 0.00703125
0 0.30234375 0.603125 0.0046875 0.01328125
0 0.30625 0.58359375 0.00390625 0.00859375
0 0.3234375 0.54765625 0.00546875 0.00390625
0 0.2953125 0.6203125 0.01015625 0.01328125
0 0.27734375 0.64140625 0.003125 0.0046875
0 0.28046875 0.57890625 0.00390625 0.009375
0 0.19140625 0.621875 0.003125 0.00859375
0 0.22734375 0.54375 0.00625 0.0078125
0 0.2375 0.51875 0.0109375 0.01328125
0 0.2296875 0.50546875 0.00390625 0.0046875
0 0.203125 0.49765625 0.009375 0.0125
0 0.26640625 0.46484375 0.01015625 0.0109375
0 0.30703125 0.41953125 0.00546875 0.0078125
0 0.3703125 0.42890625 0.0046875 0.00625
0 0.40234375 0.43671875 0.00234375 0.003125
0 0.3984375 0.45 0.00234375 0.0046875
0 0.4984375 0.365625 0.003125 0.00859375
0 0.46953125 0.35625 0.00703125 0.00390625
0 0.45234375 0.50625 0.00546875 0.0046875
0 0.47890625 0.56796875 0.00390625 0.01171875
0 0.53359375 0.5125 0.003125 0.0046875
0 0.54453125 0.5484375 0.003125 0.00390625
0 0.2625 0.43515625 0.003125 0.00703125
0 0.228125 0.490625 0.00703125 0.01015625
0 0.2296875 0.53125 0.00546875 0.00625
0 0.29140625 0.55 0.0078125 0.00546875
0 0.28359375 0.61015625 0.00390625 0.00546875
0 0.13828125 0.6109375 0.00859375 0.01015625
0 0.1671875 0.5734375 0.00703125 0.0078125
0 0.340625 0.47265625 0.003125 0.00703125
0 0.86171875 0.49453125 0.00078125 0.00390625
0 0.86171875 0.47890625 0.00234375 0.00390625
0 0.428125 0.4109375 0.003125 0.00703125