0 0.37109375 0.525 0.0265625 0.02109375
0 0.4296875 0.5390625 0.02265625 0.015625
0 0.36953125 0.55859375 0.0140625 0.00859375
0 0.3890625 0.546875 0.00703125 0.00546875
0 0.4046875 0.55625 0.009375 0.00703125
0 0.3171875 0.5265625 0.07265625 0.04453125
0 0.2 0.46796875 0.034375 0.01875
0 0.2296875 0.48046875 0.01015625 0.0078125
0 0.228125 0.51015625 0.02890625 0.01796875
0 0.43359375 0.634375 0.01171875 0.00625
0 0.46796875 0.38125 0.01171875 0.0109375
0 0.46171875 0.36796875 0.00859375 0.0078125
0 0.48125 0.35 0.009375 0.00625
0 0.3625 0.3265625 0.01875 0.0109375
0 0.3875 0.31484375 0.01796875 0.0125
0 0.40234375 0.3296875 0.00859375 0.0078125
0 0.5234375 0.56640625 0.0140625 0.0109375
0 0.7140625 0.53671875 0.009375 0.00546875
0 0.68671875 0.35 0.00859375 0.00625
0 0.54453125 0.2890625 0.009375 0.00859375
0 0.49453125 0.265625 0.0140625 0.0109375
0 0.459375 0.2953125 0.00625 0.00390625
0 0.2890625 0.35859375 0.01171875 0.009375
0 0.24375 0.3765625 0.015625 0.0203125
0 0.340625 0.42890625 0.0234375 0.015625
0 0.31953125 0.4375 0.0109375 0.00703125
0 0.3234375 0.40078125 0.02109375 0.01796875
0 0.496875 0.63046875 0.00859375 0.00703125
0 0.48125 0.67109375 0.028125 0.0203125
0 0.3671875 0.34609375 0.0125 0.00703125
0 0.26015625 0.35625 0.01015625 0.00859375
0 0.26328125 0.34140625 0.00703125 0.0046875
0 0.28203125 0.33828125 0.02734375 0.025
0 0.30390625 0.31640625 0.01171875 0.00703125
0 0.69296875 0.584375 0.0078125 0.0046875