0 0.63125 0.57109375 0.02109375 0.0140625
0 0.81953125 0.59765625 0.0171875 0.01015625
0 0.7078125 0.50078125 0.04375 0.01796875
0 0.75625 0.4625 0.02890625 0.025
0 0.4875 0.496875 0.028125 0.021875
0 0.54921875 0.35859375 0.01875 0.0140625
0 0.52421875 0.3734375 0.01484375 0.01171875
0 0.31484375 0.3265625 0.01328125 0.0140625
0 0.28125 0.37890625 0.01328125 0.01171875
0 0.5359375 0.484375 0.01875 0.0140625
0 0.51484375 0.5875 0.0203125 0.0140625
0 0.440625 0.4734375 0.0203125 0.015625
0 0.4703125 0.453125 0.0171875 0.015625
0 0.365625 0.18203125 0.015625 0.0140625
0 0.4765625 0.36171875 0.01484375 0.01015625
0 0.79765625 0.478125 0.01484375 0.0140625
0 0.5734375 0.5875 0.0203125 0.0140625
0 0.60078125 0.5890625 0.0171875 0.015625
0 0.66484375 0.5765625 0.01015625 0.0203125
0 0.325 0.4265625 0.00859375 0.00625
0 0.36953125 0.4046875 0.0140625 0.00859375
0 0.8359375 0.60703125 0.009375 0.00859375
0 0.64296875 0.5984375 0.015625 0.0078125
0 0.6859375 0.63515625 0.0078125 0.00390625
0 0.70078125 0.62578125 0.00546875 0.00625
0 0.55078125 0.55 0.01171875 0.00625
0 0.475 0.56875 0.0078125 0.00546875
0 0.525 0.45625 0.01015625 0.00703125
0 0.584375 0.4265625 0.0078125 0.00546875
0 0.3078125 0.36640625 0.00546875 0.00390625
0 0.30859375 0.3875 0.00703125 0.00390625
0 0.33828125 0.3875 0.00625 0.00390625
0 0.709375 0.5734375 0.0046875 0.0046875
0 0.675 0.55390625 0.003125 0.0015625
0 0.61484375 0.56640625 0.0046875 0.00234375
0 0.6203125 0.58828125 0.003125 0.0046875
0 0.64296875 0.58046875 0.00703125 0.003125
0 0.65546875 0.58046875 0.00390625 0.00703125
0 0.8703125 0.61484375 0.00546875 0.00390625
0 0.83984375 0.51796875 0.00625 0.0046875
0 0.5109375 0.06796875 0.0046875 0.0046875
0 0.45 0.0921875 0.003125 0.00234375
0 0.63828125 0.34140625 0.003125 0.0015625
0 0.64375 0.34296875 0.00390625 0.00234375
0 0.44453125 0.5296875 0.0046875 0.003125
0 0.4609375 0.47265625 0.009375 0.00390625
0 0.42734375 0.4671875 0.00546875 0.0046875
0 0.43515625 0.50234375 0.015625 0.00390625
0 0.5484375 0.5796875 0.00625 0.003125
0 0.55 0.58515625 0.01328125 0.003125
0 0.56015625 0.5859375 0.00234375 0.00859375
0 0.57109375 0.5765625 0.00625 0.00390625
0 0.5375 0.575 0.00703125 0.003125
0 0.53046875 0.5578125 0.003125 0.0015625
0 0.55546875 0.57578125 0.00234375 0.0015625
0 0.6703125 0.52890625 0.003125 0.0015625
0 0.67734375 0.52578125 0.003125 0.00234375
0 0.76640625 0.525 0.003125 0.0015625
0 0.65546875 0.45859375 0.00546875 0.00703125
0 0.67421875 0.475 0.003125 0.00234375
0 0.70625 0.48359375 0.00390625 0.0046875
0 0.73203125 0.47734375 0.00390625 0.00390625
0 0.7765625 0.4890625 0.003125 0.00234375
0 0.7921875 0.4671875 0.003125 0.00625
0 0.77421875 0.459375 0.003125 0.00546875
0 0.73515625 0.49609375 0.00390625 0.0015625
0 0.7171875 0.47890625 0.00390625 0.00546875
0 0.74375 0.47890625 0.003125 0.00234375
0 0.73046875 0.46796875 0.0046875 0.00546875
0 0.6734375 0.48828125 0.003125 0.003125
0 0.50078125 0.56484375 0.0078125 0.00390625
0 0.521875 0.5765625 0.00703125 0.00390625
0 0.51953125 0.54453125 0.003125 0.00234375
0 0.52734375 0.53828125 0.00234375 0.003125
0 0.47578125 0.55234375 0.0078125 0.00234375
0 0.40859375 0.425 0.00546875 0.00234375
0 0.35 0.415625 0.003125 0.003125
0 0.42734375 0.45546875 0.0046875 0.003125
0 0.42890625 0.46171875 0.00390625 0.003125
0 0.46328125 0.43984375 0.00390625 0.00390625
0 0.48828125 0.44140625 0.00234375 0.00390625
0 0.41328125 0.384375 0.0046875 0.003125
0 0.37265625 0.12421875 0.00703125 0.0046875
0 0.8359375 0.56953125 0.00390625 0.003125
0 0.8546875 0.6109375 0.0046875 0.00234375
0 0.7375 0.63515625 0.0046875 0.003125
0 0.81640625 0.64296875 0.003125 0.003125
0 0.7765625 0.61640625 0.003125 0.003125
0 0.81484375 0.6078125 0.00390625 0.00234375
0 0.82109375 0.60703125 0.003125 0.003125
0 0.7359375 0.5765625 0.00703125 0.0046875
0 0.61484375 0.54921875 0.0109375 0.00546875
0 0.64453125 0.57265625 0.0046875 0.00546875
0 0.2921875 0.37890625 0.00703125 0.0046875
0 0.271875 0.3796875 0.00390625 0.00625
0 0.39453125 0.121875 0.003125 0.0015625
0 0.3703125 0.13046875 0.003125 0.00234375