0 0.38515625 0.3453125 0.02109375 0.01484375
0 0.46953125 0.38125 0.0265625 0.02421875
0 0.4484375 0.32578125 0.01640625 0.0140625
0 0.47734375 0.33359375 0.015625 0.01484375
0 0.51171875 0.34765625 0.0171875 0.01171875
0 0.56171875 0.33671875 0.0109375 0.009375
0 0.58359375 0.36015625 0.0234375 0.01484375
0 0.62421875 0.36796875 0.01484375 0.0078125
0 0.5953125 0.38828125 0.01796875 0.0125
0 0.64765625 0.4015625 0.0171875 0.01171875
0 0.340625 0.30859375 0.02421875 0.00546875
0 0.31796875 0.39140625 0.01796875 0.00859375
0 0.32890625 0.43984375 0.00859375 0.00703125
0 0.4 0.315625 0.009375 0.0078125
0 0.46953125 0.3109375 0.01171875 0.00546875
0 0.5109375 0.31796875 0.01015625 0.0046875
0 0.5296875 0.32109375 0.0125 0.0015625
0 0.6203125 0.34375 0.00625 0.003125
0 0.62890625 0.3453125 0.00703125 0.0046875
0 0.5921875 0.33125 0.00546875 0.0015625
0 0.55 0.325 0.01875 0.00234375