0 0.590625 0.07734375 0.01640625 0.00859375
0 0.57734375 0.11015625 0.01796875 0.0125
0 0.61796875 0.16015625 0.0265625 0.01875
0 0.53984375 0.140625 0.0234375 0.01484375
0 0.55390625 0.12265625 0.02265625 0.01328125
0 0.55390625 0.07734375 0.01328125 0.00859375
0 0.62421875 0.0875 0.0125 0.01328125
0 0.59140625 0.06640625 0.0125 0.009375
0 0.62734375 0.075 0.0078125 0.00703125
0 0.465625 0.16953125 0.02265625 0.01875
0 0.50703125 0.17265625 0.01640625 0.0140625
0 0.55625 0.19921875 0.0234375 0.0328125
0 0.459375 0.22890625 0.01953125 0.0171875
0 0.31484375 0.41875 0.0265625 0.00625
0 0.52734375 0.128125 0.01015625 0.009375