0 0.196875 0.18046875 0.01484375 0.009375
0 0.18515625 0.17578125 0.0078125 0.00390625
0 0.11171875 0.20078125 0.0171875 0.01328125
0 0.0859375 0.209375 0.0140625 0.00546875
0 0.0953125 0.19453125 0.00703125 0.00546875
0 0.12734375 0.17109375 0.0109375 0.00703125
0 0.1484375 0.16015625 0.01015625 0.00625
0 0.1765625 0.1515625 0.01328125 0.00625
0 0.18203125 0.13203125 0.00859375 0.00390625
0 0.215625 0.1328125 0.0171875 0.00703125
0 0.234375 0.12265625 0.00859375 0.00390625
0 0.24609375 0.13984375 0.00703125 0.00390625
0 0.27265625 0.13046875 0.01015625 0.00546875
0 0.2734375 0.33515625 0.02109375 0.00859375
0 0.0890625 0.3640625 0.0109375 0.0078125
0 0.08671875 0.35703125 0.003125 0.00234375
0 0.0828125 0.3578125 0.00390625 0.0015625
0 0.1046875 0.35625 0.00390625 0.0015625
0 0.11640625 0.35625 0.003125 0.00234375
0 0.096875 0.371875 0.00390625 0.0015625
0 0.60859375 0.384375 0.0140625 0.0078125
0 0.60546875 0.62109375 0.01484375 0.00859375
0 0.7015625 0.5984375 0.01875 0.01328125
0 0.68515625 0.58984375 0.0078125 0.00390625
0 0.67890625 0.60390625 0.0046875 0.00234375
0 0.6546875 0.62734375 0.00625 0.00390625
0 0.82890625 0.53125 0.00703125 0.00390625
0 0.8390625 0.5359375 0.0046875 0.00390625
0 0.87265625 0.5265625 0.00625 0.00390625
0 0.8375 0.52109375 0.0109375 0.00859375
0 0.846875 0.52578125 0.0078125 0.003125
0 0.834375 0.5109375 0.0046875 0.00234375
0 0.83984375 0.50625 0.0046875 0.003125