0 0.5546875 0.16875 0.01328125 0.01328125
0 0.4703125 0.184375 0.02421875 0.01796875
0 0.4109375 0.19375 0.0203125 0.01640625
0 0.478125 0.09375 0.01640625 0.009375
0 0.47578125 0.0609375 0.00546875 0.0046875
0 0.503125 0.05078125 0.00625 0.00703125
0 0.53046875 0.109375 0.00546875 0.00703125
0 0.54921875 0.11796875 0.0125 0.01015625
0 0.5953125 0.146875 0.0078125 0.00703125
0 0.58515625 0.1640625 0.0140625 0.01328125
0 0.60078125 0.17109375 0.0125 0.01953125
0 0.6125 0.1609375 0.00625 0.00859375
0 0.571875 0.13828125 0.009375 0.0109375
0 0.54453125 0.1546875 0.01015625 0.00859375
0 0.6234375 0.20078125 0.00859375 0.01015625
0 0.6421875 0.23828125 0.00859375 0.00859375
0 0.58671875 0.26171875 0.021875 0.0140625
0 0.553125 0.25703125 0.0125 0.01171875
0 0.56796875 0.3015625 0.009375 0.0078125
0 0.60390625 0.29296875 0.01328125 0.0125
0 0.453125 0.34609375 0.01875 0.0125
0 0.47890625 0.34453125 0.01484375 0.00703125
0 0.50078125 0.371875 0.0078125 0.01015625
0 0.6359375 0.415625 0.0140625 0.01796875
0 0.6 0.3703125 0.00546875 0.0078125
0 0.6453125 0.35859375 0.0078125 0.009375
0 0.62890625 0.39765625 0.00859375 0.003125
0 0.609375 0.4234375 0.00703125 0.00859375
0 0.575 0.45859375 0.0125 0.0109375
0 0.42578125 0.58125 0.01015625 0.01015625
0 0.47109375 0.23125 0.0125 0.009375
0 0.40625 0.165625 0.01328125 0.00859375
0 0.44140625 0.1921875 0.0046875 0.00546875
0 0.42421875 0.184375 0.00625 0.00625
0 0.5875 0.209375 0.0109375 0.009375
0 0.4828125 0.08125 0.01015625 0.00703125
0 0.5859375 0.1296875 0.009375 0.00859375
0 0.57109375 0.14765625 0.0140625 0.00546875
0 0.60859375 0.18984375 0.00859375 0.00859375
0 0.58515625 0.175 0.0125 0.00625
0 0.54140625 0.2796875 0.01015625 0.009375
0 0.48984375 0.2765625 0.0140625 0.0078125
0 0.621875 0.359375 0.00859375 0.0078125
0 0.60625 0.39140625 0.00703125 0.00703125
0 0.321875 0.61328125 0.01015625 0.00546875
0 0.3296875 0.60390625 0.00390625 0.00390625
0 0.35703125 0.609375 0.003125 0.003125
0 0.3640625 0.6109375 0.00234375 0.0046875
0 0.384375 0.6234375 0.0046875 0.00234375
0 0.35625 0.625 0.00546875 0.00390625
0 0.275 0.64453125 0.00625 0.00546875
0 0.27265625 0.62890625 0.0046875 0.00390625
0 0.2828125 0.6359375 0.00859375 0.00234375
0 0.36640625 0.37734375 0.00859375 0.00546875
0 0.40546875 0.38203125 0.00390625 0.003125
0 0.38359375 0.32421875 0.01171875 0.00625
0 0.5109375 0.18125 0.00625 0.0046875
0 0.5265625 0.1640625 0.00546875 0.00390625
0 0.3921875 0.15703125 0.00625 0.0046875
0 0.40234375 0.17421875 0.00859375 0.003125
0 0.396875 0.184375 0.00546875 0.00546875
0 0.45234375 0.103125 0.003125 0.00625
0 0.52109375 0.14140625 0.009375 0.0046875
0 0.51796875 0.0921875 0.009375 0.0078125