0 0.5796875 0.3875 0.02421875 0.0171875
0 0.6203125 0.34140625 0.009375 0.00390625
0 0.71953125 0.309375 0.015625 0.01015625
0 0.69453125 0.3140625 0.0125 0.0046875
0 0.68828125 0.29296875 0.0078125 0.00546875
0 0.746875 0.28515625 0.02265625 0.0125
0 0.7 0.265625 0.00859375 0.00625
0 0.74375 0.2609375 0.00546875 0.003125
0 0.734375 0.26328125 0.0109375 0.00703125
0 0.57265625 0.23671875 0.015625 0.01171875
0 0.5859375 0.25234375 0.01328125 0.0078125
0 0.5640625 0.28046875 0.0109375 0.00703125
0 0.76953125 0.1828125 0.0234375 0.0234375
0 0.73359375 0.15234375 0.03203125 0.015625
0 0.753125 0.1390625 0.02265625 0.00859375
0 0.8890625 0.203125 0.01953125 0.01015625
0 0.8375 0.23125 0.01796875 0.0140625
0 0.85859375 0.25390625 0.03359375 0.02734375
0 0.8859375 0.246875 0.01328125 0.01328125
0 0.86875 0.22890625 0.0109375 0.00703125
0 0.8484375 0.21796875 0.01484375 0.01015625
0 0.24296875 0.3171875 0.01484375 0.00859375