0 0.340625 0.4234375 0.03125 0.01796875
0 0.38046875 0.440625 0.01796875 0.01796875
0 0.4078125 0.4171875 0.0171875 0.0125
0 0.33515625 0.38359375 0.0296875 0.02265625
0 0.38515625 0.384375 0.015625 0.01640625
0 0.54921875 0.3609375 0.03046875 0.0234375
0 0.5 0.31484375 0.01953125 0.00859375
0 0.37421875 0.28671875 0.00703125 0.00703125
0 0.30625 0.2859375 0.00625 0.0078125
0 0.3390625 0.53984375 0.0265625 0.021875
0 0.26796875 0.4875 0.02109375 0.0171875
0 0.315625 0.4859375 0.0109375 0.0109375
0 0.446875 0.54296875 0.0359375 0.0234375
0 0.5140625 0.5484375 0.0375 0.021875
0 0.28984375 0.52734375 0.0453125 0.0296875
0 0.26484375 0.53359375 0.01796875 0.01484375
0 0.28203125 0.55 0.015625 0.01171875
0 0.30703125 0.56953125 0.02265625 0.01640625
0 0.32109375 0.596875 0.0234375 0.015625
0 0.33828125 0.61328125 0.01875 0.01484375
0 0.39375 0.6390625 0.0140625 0.0109375
0 0.34609375 0.67734375 0.0171875 0.00859375
0 0.38671875 0.6515625 0.01484375 0.01171875
0 0.51171875 0.578125 0.01640625 0.01171875
0 0.3421875 0.21171875 0.028125 0.021875
0 0.44921875 0.17421875 0.02734375 0.015625
0 0.70390625 0.3875 0.02265625 0.01484375