0 0.3921875 0.696875 0.0375 0.03125
0 0.34453125 0.725 0.05234375 0.03828125
0 0.29296875 0.6921875 0.06171875 0.04453125
0 0.409375 0.75 0.021875 0.0109375
0 0.4296875 0.72421875 0.01328125 0.00703125
0 0.45859375 0.73203125 0.01015625 0.0078125
0 0.4875 0.696875 0.04296875 0.0265625
0 0.6390625 0.70703125 0.02265625 0.015625
0 0.5453125 0.84375 0.01484375 0.01328125
0 0.6390625 0.88984375 0.0515625 0.03046875
0 0.63359375 0.815625 0.0140625 0.00859375
0 0.896875 0.678125 0.015625 0.01015625
0 0.89140625 0.5984375 0.01015625 0.0078125
0 0.971875 0.60703125 0.0109375 0.01015625
0 0.18828125 0.69609375 0.05 0.02109375
0 0.18203125 0.65 0.02265625 0.01328125
0 0.13203125 0.63359375 0.0453125 0.034375
0 0.290625 0.56796875 0.0359375 0.021875
0 0.2671875 0.58671875 0.01328125 0.00859375
0 0.25078125 0.5359375 0.03515625 0.03125
0 0.13828125 0.57734375 0.01328125 0.00859375
0 0.121875 0.58203125 0.01171875 0.00546875
0 0.12265625 0.5390625 0.01875 0.0109375
0 0.1140625 0.52265625 0.040625 0.0171875
0 0.1109375 0.55625 0.01171875 0.0109375
0 0.1375 0.49609375 0.03046875 0.01171875
0 0.18046875 0.4890625 0.021875 0.0125
0 0.1703125 0.50234375 0.02109375 0.0109375
0 0.13203125 0.47421875 0.00859375 0.00546875
0 0.153125 0.459375 0.059375 0.02421875
0 0.17578125 0.4265625 0.02421875 0.01015625
0 0.26953125 0.41796875 0.02109375 0.01171875
0 0.28125 0.44453125 0.0203125 0.009375
0 0.73046875 0.35 0.0140625 0.00859375
0 0.50078125 0.3140625 0.01953125 0.01171875
0 0.384375 0.35 0.009375 0.0046875
0 0.41484375 0.30390625 0.03046875 0.025
0 0.29453125 0.3921875 0.02421875 0.015625
0 0.32421875 0.4109375 0.009375 0.009375