0 0.5515625 0.63046875 0.04765625 0.03203125
0 0.39921875 0.77265625 0.015625 0.01171875
0 0.35625 0.80078125 0.05390625 0.02109375
0 0.45234375 0.78984375 0.040625 0.02265625
0 0.54765625 0.659375 0.01796875 0.01015625
0 0.51640625 0.69765625 0.08671875 0.0609375
0 0.8078125 0.60703125 0.01796875 0.0140625
0 0.60234375 0.56875 0.03515625 0.02578125
0 0.60234375 0.6171875 0.0078125 0.00703125
0 0.62734375 0.60234375 0.01015625 0.00546875
0 0.61640625 0.646875 0.02421875 0.01875
0 0.9046875 0.56796875 0.05234375 0.025
0 0.6953125 0.4765625 0.01484375 0.015625
0 0.75 0.21640625 0.0125 0.01328125
0 0.34609375 0.2390625 0.01328125 0.01171875
0 0.18515625 0.3609375 0.01328125 0.009375
0 0.12265625 0.4015625 0.01953125 0.0140625
0 0.31328125 0.46953125 0.01875 0.0125
0 0.284375 0.471875 0.0109375 0.00703125
0 0.26484375 0.4453125 0.0109375 0.00859375
0 0.19765625 0.51875 0.0125 0.01015625
0 0.17421875 0.55703125 0.02265625 0.01328125
0 0.16015625 0.52265625 0.01796875 0.01328125
0 0.128125 0.61796875 0.0140625 0.009375
0 0.11328125 0.584375 0.0109375 0.00625
0 0.1703125 0.6078125 0.01171875 0.00859375
0 0.1984375 0.64921875 0.0171875 0.0109375
0 0.271875 0.72265625 0.01640625 0.01015625
0 0.2234375 0.7140625 0.0203125 0.0203125
0 0.1953125 0.7046875 0.03359375 0.01796875
0 0.1796875 0.6828125 0.01484375 0.009375
0 0.146875 0.653125 0.05 0.04140625
0 0.28984375 0.63046875 0.0375 0.0234375
0 0.35234375 0.62421875 0.03125 0.021875
0 0.359375 0.64765625 0.01484375 0.00703125
0 0.209375 0.5625 0.0140625 0.01640625
0 0.22578125 0.5390625 0.01015625 0.0078125
0 0.4140625 0.728125 0.07421875 0.01484375
0 0.61328125 0.69765625 0.01328125 0.01015625