0 0.26328125 0.1984375 0.02265625 0.02421875
0 0.271875 0.2375 0.03203125 0.0203125
0 0.3484375 0.2453125 0.03046875 0.0171875
0 0.41640625 0.23359375 0.02421875 0.03515625
0 0.38203125 0.28203125 0.0203125 0.015625
0 0.41796875 0.3046875 0.0265625 0.01875
0 0.26796875 0.16015625 0.02421875 0.0171875
0 0.21171875 0.13359375 0.0265625 0.01875
0 0.2171875 0.17890625 0.02890625 0.0171875
0 0.503125 0.31953125 0.03125 0.0171875
0 0.53515625 0.41484375 0.02734375 0.02890625
0 0.20234375 0.21484375 0.009375 0.00703125
0 0.22890625 0.25703125 0.00703125 0.0078125
0 0.2828125 0.2703125 0.0140625 0.0078125
0 0.46953125 0.35 0.0140625 0.01171875
0 0.44609375 0.378125 0.0296875 0.01875
0 0.6578125 0.54140625 0.0203125 0.0109375
0 0.6046875 0.2359375 0.0109375 0.0125
0 0.57734375 0.2296875 0.00859375 0.0109375
0 0.196875 0.221875 0.01875 0.01171875
0 0.265625 0.28046875 0.01171875 0.00859375
0 0.39375 0.31015625 0.0109375 0.00625
0 0.33046875 0.28828125 0.01015625 0.00546875
0 0.321875 0.29765625 0.0046875 0.003125
0 0.3265625 0.3015625 0.01015625 0.00390625
0 0.43203125 0.26484375 0.0078125 0.00859375
0 0.1578125 0.22109375 0.00625 0.0046875
0 0.20546875 0.1640625 0.00546875 0.0015625
0 0.62734375 0.29921875 0.0203125 0.01640625