0 0.115625 0.47734375 0.0234375 0.01875
0 0.25546875 0.38984375 0.01796875 0.0140625
0 0.32109375 0.38125 0.03828125 0.021875
0 0.28984375 0.40234375 0.01171875 0.00703125
0 0.27890625 0.41875 0.01328125 0.00625
0 0.328125 0.4296875 0.040625 0.02109375
0 0.29765625 0.3453125 0.0875 0.04453125
0 0.32734375 0.2875 0.015625 0.01015625
0 0.28203125 0.28984375 0.028125 0.0171875
0 0.33671875 0.26640625 0.03984375 0.0203125
0 0.496875 0.31796875 0.03671875 0.01796875
0 0.46015625 0.33359375 0.03359375 0.015625
0 0.628125 0.31796875 0.015625 0.009375
0 0.60625 0.3265625 0.01171875 0.0078125
0 0.6171875 0.33828125 0.00703125 0.00546875
0 0.653125 0.340625 0.009375 0.00703125
0 0.6609375 0.321875 0.025 0.01640625
0 0.6265625 0.3875 0.01796875 0.00625
0 0.6109375 0.37890625 0.00859375 0.0046875
0 0.64375 0.38046875 0.015625 0.00625
0 0.56953125 0.68984375 0.01796875 0.0125
0 0.421875 0.71171875 0.01484375 0.01015625
0 0.53125 0.7390625 0.02265625 0.0171875
0 0.8953125 0.5234375 0.0125 0.0109375
0 0.82890625 0.39609375 0.01328125 0.009375
0 0.684375 0.3859375 0.00859375 0.00625
0 0.74140625 0.35390625 0.0078125 0.0046875
0 0.81171875 0.359375 0.0171875 0.0078125
0 0.496875 0.27421875 0.015625 0.0046875
0 0.478125 0.275 0.0078125 0.00390625
0 0.52265625 0.2765625 0.0109375 0.0078125
0 0.53671875 0.290625 0.00703125 0.00390625
0 0.55859375 0.28046875 0.0390625 0.015625
0 0.32890625 0.51171875 0.025 0.01875
0 0.15859375 0.53203125 0.02265625 0.01484375
0 0.04140625 0.53203125 0.04296875 0.02890625