0 0.73046875 0.34765625 0.02578125 0.025
0 0.56015625 0.35625 0.0265625 0.025
0 0.52109375 0.3515625 0.02890625 0.021875
0 0.50859375 0.3171875 0.01875 0.01484375
0 0.334375 0.4125 0.034375 0.01875
0 0.32109375 0.5328125 0.02890625 0.0234375
0 0.45390625 0.5328125 0.040625 0.03046875
0 0.53828125 0.53359375 0.03203125 0.025
0 0.3046875 0.6046875 0.05234375 0.0453125
0 0.26953125 0.5328125 0.06015625 0.059375
0 0.38828125 0.3796875 0.02421875 0.0125
0 0.534375 0.56796875 0.0234375 0.02109375
0 0.33515625 0.37421875 0.02890625 0.03046875
0 0.36171875 0.23125 0.0265625 0.02109375
0 0.4578125 0.20625 0.02578125 0.0171875
0 0.38515625 0.43515625 0.0203125 0.025
0 0.30390625 0.475 0.02578125 0.021875
0 0.38359375 0.64765625 0.02421875 0.025