0 0.40859375 0.39921875 0.00859375 0.01171875
0 0.41328125 0.37421875 0.00625 0.0109375
0 0.44453125 0.36171875 0.00859375 0.01015625
0 0.66640625 0.4625 0.00546875 0.0109375
0 0.71875 0.4984375 0.00546875 0.00546875
0 0.7171875 0.528125 0.00546875 0.0046875
0 0.70078125 0.52265625 0.00546875 0.00234375
0 0.69765625 0.53125 0.00390625 0.0046875
0 0.68828125 0.5625 0.00390625 0.0046875
0 0.7015625 0.57265625 0.0046875 0.00625
0 0.70859375 0.57578125 0.00234375 0.00390625
0 0.71875 0.61796875 0.00390625 0.003125
0 0.728125 0.62109375 0.00234375 0.0046875
0 0.7375 0.62734375 0.0015625 0.00625
0 0.7171875 0.6328125 0.00390625 0.00546875
0 0.69453125 0.56484375 0.00234375 0.0046875
0 0.5421875 0.30625 0.00703125 0.0109375
0 0.50546875 0.2515625 0.0078125 0.0078125
0 0.509375 0.275 0.00234375 0.00625
0 0.4546875 0.2765625 0.0046875 0.0078125
0 0.48515625 0.2515625 0.00390625 0.00390625
0 0.478125 0.2703125 0.00546875 0.00859375
0 0.50078125 0.30078125 0.003125 0.0046875
0 0.51953125 0.2890625 0.00625 0.0046875
0 0.384375 0.29765625 0.00703125 0.00625
0 0.35 0.27265625 0.00859375 0.0109375
0 0.34609375 0.3515625 0.003125 0.0078125
0 0.2515625 0.36328125 0.00625 0.00859375
0 0.25078125 0.4078125 0.00859375 0.0078125
0 0.24375 0.4 0.00390625 0.00859375
0 0.22265625 0.4078125 0.00625 0.00546875
0 0.26015625 0.35546875 0.009375 0.00546875
0 0.24375 0.365625 0.00625 0.00625
0 0.2 0.3015625 0.00625 0.00859375
0 0.2109375 0.2890625 0.00859375 0.009375
0 0.23359375 0.2765625 0.00625 0.00703125
0 0.2578125 0.28984375 0.00625 0.00703125
0 0.2484375 0.25703125 0.00546875 0.00546875
0 0.2703125 0.253125 0.009375 0.01171875
0 0.26484375 0.26484375 0.0109375 0.01328125
0 0.24296875 0.29453125 0.00390625 0.009375
0 0.17421875 0.3390625 0.0046875 0.00859375
0 0.14296875 0.3296875 0.00390625 0.0046875
0 0.140625 0.3015625 0.0046875 0.01015625
0 0.18203125 0.3109375 0.00625 0.00703125
0 0.23125 0.2609375 0.003125 0.00546875
0 0.26171875 0.24453125 0.00390625 0.00546875
0 0.3015625 0.24375 0.00390625 0.0109375
0 0.30234375 0.2703125 0.00703125 0.00703125
0 0.33828125 0.23203125 0.00546875 0.00703125
0 0.34140625 0.30390625 0.00546875 0.009375
0 0.3578125 0.315625 0.00546875 0.00625
0 0.16328125 0.3375 0.00390625 0.01328125
0 0.38046875 0.265625 0.00625 0.0125
0 0.33359375 0.303125 0.00546875 0.01171875
0 0.1859375 0.39765625 0.0109375 0.00859375
0 0.25546875 0.3859375 0.00546875 0.00859375
0 0.2984375 0.36484375 0.0046875 0.00703125
0 0.38828125 0.390625 0.00546875 0.00546875
0 0.2265625 0.39453125 0.00546875 0.00546875
0 0.2359375 0.409375 0.00625 0.0125
0 0.24296875 0.275 0.00546875 0.015625
0 0.2796875 0.25703125 0.00390625 0.01171875
0 0.2515625 0.2671875 0.0078125 0.00859375
0 0.42734375 0.28515625 0.003125 0.00625