0 0.23671875 0.30625 0.01328125 0.00703125
0 0.578125 0.2421875 0.01640625 0.0109375
0 0.59296875 0.25546875 0.01171875 0.0078125
0 0.57109375 0.27890625 0.0125 0.00859375
0 0.63203125 0.328125 0.009375 0.0078125
0 0.590625 0.3703125 0.021875 0.01484375
0 0.7 0.2890625 0.01015625 0.00625
0 0.73046875 0.29765625 0.0234375 0.0171875
0 0.7625 0.28125 0.01796875 0.0109375
0 0.71015625 0.265625 0.00546875 0.003125
0 0.771875 0.19921875 0.021875 0.01796875
0 0.73515625 0.175 0.0265625 0.01640625
0 0.75546875 0.16484375 0.01015625 0.00703125
0 0.846875 0.2375 0.015625 0.00859375
0 0.853125 0.2265625 0.01796875 0.00859375
0 0.87421875 0.253125 0.03359375 0.0234375
0 0.8953125 0.2109375 0.01953125 0.01484375