0 0.43671875 0.4328125 0.03203125 0.01875
0 0.4828125 0.41484375 0.0265625 0.0140625
0 0.55703125 0.43828125 0.02109375 0.015625
0 0.215625 0.48671875 0.03125 0.01015625
0 0.20078125 0.25546875 0.03671875 0.02578125
0 0.165625 0.2359375 0.01796875 0.00859375
0 0.84609375 0.38671875 0.03984375 0.021875
0 0.70625 0.35625 0.01328125 0.0109375
0 0.7578125 0.30078125 0.009375 0.0078125
0 0.55703125 0.30234375 0.015625 0.01171875
0 0.4890625 0.29765625 0.01328125 0.009375
0 0.4125 0.31796875 0.0125 0.01171875
0 0.32734375 0.27734375 0.0109375 0.009375
0 0.2828125 0.22890625 0.065625 0.02578125
0 0.48203125 0.26328125 0.021875 0.00859375
0 0.5890625 0.26484375 0.0515625 0.01796875
0 0.5375 0.24375 0.03203125 0.01875
0 0.38515625 0.1671875 0.025 0.01484375
0 0.29296875 0.12265625 0.01328125 0.009375
0 0.32578125 0.12109375 0.03125 0.0140625
0 0.37265625 0.1296875 0.01796875 0.0109375
0 0.4171875 0.1234375 0.01484375 0.00859375
0 0.43515625 0.146875 0.0609375 0.028125
0 0.47265625 0.1890625 0.01640625 0.009375
0 0.57890625 0.1890625 0.02265625 0.01328125