0 0.36484375 0.0125 0.02890625 0.01796875
0 0.3484375 0.0609375 0.0125 0.01484375
0 0.2984375 0.05234375 0.01796875 0.0171875
0 0.29609375 0.3109375 0.03359375 0.040625
0 0.28125 0.23671875 0.02578125 0.0296875
0 0.284375 0.2703125 0.01875 0.02421875
0 0.221875 0.2484375 0.01953125 0.02109375
0 0.1125 0.43984375 0.01328125 0.02421875
0 0.24609375 0.57734375 0.02265625 0.028125
0 0.30703125 0.953125 0.01953125 0.0234375
0 0.32734375 0.87734375 0.0109375 0.00859375
0 0.24453125 0.8609375 0.0078125 0.01484375
0 0.053125 0.54453125 0.00625 0.00703125
0 0.0578125 0.51796875 0.0203125 0.01640625
0 0.12890625 0.54375 0.00859375 0.015625
0 0.26171875 0.3484375 0.0078125 0.015625
0 0.27890625 0.41171875 0.03203125 0.0234375
0 0.2390625 0.31640625 0.01328125 0.02265625
0 0.24765625 0.378125 0.01171875 0.0140625
0 0.2953125 0.19921875 0.01171875 0.0171875
0 0.30703125 0.21796875 0.01796875 0.009375
0 0.396875 0.23515625 0.01015625 0.01796875
0 0.38671875 0.24453125 0.009375 0.00625
0 0.290625 0.06953125 0.009375 0.0125
0 0.38671875 0.08203125 0.00546875 0.009375
0 0.3734375 0.11796875 0.00859375 0.015625
0 0.31015625 0.17265625 0.01171875 0.0125
0 0.29296875 0.1625 0.00859375 0.01015625
0 0.2796875 0.20078125 0.00625 0.015625
0 0.25234375 0.23359375 0.01015625 0.01640625
0 0.37265625 0.2234375 0.0046875 0.0109375
0 0.31796875 0.23203125 0.0078125 0.01328125
0 0.28828125 0.36640625 0.00625 0.00859375
0 0.275 0.37265625 0.00546875 0.00703125
0 0.28359375 0.37890625 0.00546875 0.009375
0 0.35078125 0.1265625 0.00859375 0.00859375