0 0.52421875 0.259375 0.0390625 0.0375
0 0.6078125 0.25625 0.04609375 0.05
0 0.3484375 0.134375 0.01953125 0.01328125
0 0.38984375 0.24296875 0.040625 0.02578125
0 0.50703125 0.21640625 0.0265625 0.0203125
0 0.43203125 0.21640625 0.0078125 0.01171875
0 0.471875 0.22890625 0.0078125 0.01015625
0 0.57421875 0.2578125 0.0140625 0.0203125
0 0.65 0.26875 0.0265625 0.0390625
0 0.8359375 0.31953125 0.01640625 0.01953125
0 0.909375 0.3328125 0.05859375 0.0328125
0 0.82734375 0.26953125 0.01953125 0.0125
0 0.440625 0.24453125 0.009375 0.00625
0 0.19765625 0.121875 0.0140625 0.03671875
0 0.2625 0.265625 0.01640625 0.0109375
0 0.646875 0.35234375 0.02890625 0.0203125
0 0.69140625 0.28359375 0.02421875 0.0171875
0 0.5828125 0.2078125 0.01484375 0.01171875
0 0.80078125 0.271875 0.0109375 0.01484375
0 0.83671875 0.3453125 0.0078125 0.00703125
0 0.7859375 0.33515625 0.0125 0.003125
0 0.671875 0.27890625 0.009375 0.0125
0 0.68671875 0.2671875 0.009375 0.00859375
0 0.70078125 0.27109375 0.0078125 0.0078125
0 0.62890625 0.2875 0.015625 0.00859375
0 0.49453125 0.25546875 0.01171875 0.00625
0 0.25234375 0.1421875 0.00546875 0.003125
0 0.225 0.11171875 0.00234375 0.003125
0 0.18515625 0.1109375 0.00390625 0.00703125
0 0.2078125 0.15546875 0.0046875 0.00390625