0 0.48203125 0.271875 0.02734375 0.02578125
0 0.58828125 0.36875 0.03359375 0.03046875
0 0.6484375 0.4234375 0.03828125 0.04140625
0 0.68515625 0.37734375 0.01953125 0.02421875
0 0.64765625 0.38125 0.01328125 0.01328125
0 0.63828125 0.35703125 0.025 0.00703125
0 0.68828125 0.4296875 0.01875 0.02109375
0 0.715625 0.44140625 0.0328125 0.02734375
0 0.73359375 0.46875 0.0234375 0.0140625
0 0.690625 0.47265625 0.00703125 0.0109375
0 0.71015625 0.47109375 0.01640625 0.0203125
0 0.73671875 0.4890625 0.0109375 0.01796875
0 0.753125 0.475 0.0046875 0.0046875
0 0.7609375 0.4859375 0.00703125 0.00703125
0 0.73828125 0.42421875 0.0125 0.0078125
0 0.753125 0.39296875 0.01328125 0.0140625
0 0.62109375 0.38125 0.0078125 0.00625
0 0.609375 0.38984375 0.00546875 0.0078125
0 0.6296875 0.39921875 0.00625 0.0046875
0 0.57421875 0.4265625 0.00390625 0.0109375
0 0.6015625 0.41953125 0.009375 0.0078125
0 0.5109375 0.409375 0.00859375 0.0078125
0 0.55390625 0.33671875 0.003125 0.0046875
0 0.525 0.3625 0.0046875 0.0046875
0 0.625 0.328125 0.00625 0.0078125
0 0.6125 0.34296875 0.0125 0.00625
0 0.68671875 0.2234375 0.01796875 0.0140625
0 0.59375 0.190625 0.015625 0.01015625
0 0.7515625 0.2453125 0.0046875 0.0046875
0 0.746875 0.2546875 0.003125 0.0078125
0 0.7546875 0.25625 0.00703125 0.00546875
0 0.64921875 0.13046875 0.0078125 0.00859375
0 0.665625 0.146875 0.01640625 0.01953125
0 0.65546875 0.121875 0.009375 0.0046875
0 0.2578125 0.140625 0.015625 0.0140625
0 0.128125 0.14765625 0.021875 0.0140625
0 0.178125 0.2 0.01640625 0.01015625
0 0.2171875 0.2609375 0.009375 0.00703125
0 0.78828125 0.56484375 0.015625 0.0109375
0 0.8328125 0.53359375 0.0140625 0.0140625
0 0.81484375 0.59921875 0.02734375 0.03125
0 0.63125 0.5328125 0.0171875 0.009375
0 0.63359375 0.52109375 0.01796875 0.00859375
0 0.659375 0.51875 0.01015625 0.00546875
0 0.71171875 0.49453125 0.0078125 0.003125
0 0.6515625 0.5015625 0.00625 0.003125
0 0.69296875 0.4921875 0.00546875 0.00390625
0 0.69453125 0.51796875 0.00546875 0.0078125
0 0.6875 0.53046875 0.00546875 0.00234375
0 0.71328125 0.53203125 0.00390625 0.00234375
0 0.7421875 0.54140625 0.00625 0.00625
0 0.75546875 0.52890625 0.0109375 0.003125
0 0.8265625 0.51875 0.01171875 0.00390625
0 0.81640625 0.52578125 0.00625 0.009375
0 0.80703125 0.515625 0.00625 0.00390625
0 0.78125 0.503125 0.00234375 0.0046875
0 0.765625 0.515625 0.0046875 0.00234375
0 0.771875 0.51484375 0.00390625 0.00390625
0 0.74453125 0.53671875 0.0046875 0.00390625
0 0.784375 0.53984375 0.0046875 0.00234375
0 0.81171875 0.5328125 0.00546875 0.00234375
0 0.8171875 0.540625 0.00390625 0.003125
0 0.83203125 0.55859375 0.00546875 0.0125
0 0.77734375 0.57265625 0.00703125 0.0046875
0 0.7640625 0.5765625 0.00859375 0.003125
0 0.74609375 0.58671875 0.00625 0.0046875
0 0.73125 0.56328125 0.0125 0.0046875
0 0.73515625 0.5453125 0.00390625 0.00234375
0 0.7203125 0.5515625 0.00390625 0.0078125
0 0.734375 0.55546875 0.00390625 0.00390625
0 0.7109375 0.53984375 0.0078125 0.0046875
0 0.828125 0.57265625 0.00546875 0.00234375
0 0.8359375 0.5828125 0.0015625 0.003125
0 0.79921875 0.5859375 0.0046875 0.00703125
0 0.7859375 0.5796875 0.00546875 0.0046875
0 0.740625 0.50703125 0.0046875 0.00546875
0 0.740625 0.4578125 0.0125 0.00703125
0 0.66328125 0.4546875 0.01484375 0.003125
0 0.603125 0.45625 0.009375 0.00546875
0 0.56875 0.47578125 0.00859375 0.01015625
0 0.20625 0.1953125 0.0078125 0.00625
0 0.609375 0.175 0.00625 0.00546875
0 0.49375 0.22890625 0.00859375 0.00859375
0 0.55 0.390625 0.00625 0.00546875
0 0.590625 0.409375 0.00703125 0.00625
0 0.6140625 0.39453125 0.003125 0.00546875
0 0.6234375 0.3875 0.00390625 0.00234375
0 0.6203125 0.4140625 0.00234375 0.0015625
0 0.62578125 0.434375 0.00234375 0.009375
0 0.6 0.4859375 0.00390625 0.003125
0 0.534375 0.4609375 0.00390625 0.00390625
0 0.60546875 0.5140625 0.00625 0.00234375
0 0.61875 0.51796875 0.00234375 0.003125
0 0.61328125 0.52265625 0.00390625 0.0015625
0 0.62421875 0.4921875 0.0046875 0.003125
0 0.61875 0.540625 0.00390625 0.00234375
0 0.76328125 0.5203125 0.00234375 0.0015625
0 0.70078125 0.5046875 0.00234375 0.00234375
0 0.72421875 0.49375 0.003125 0.003125
0 0.71796875 0.49453125 0.00390625 0.00390625
0 0.709375 0.49140625 0.0046875 0.00234375
0 0.759375 0.49609375 0.0046875 0.00234375
0 0.74765625 0.49453125 0.00546875 0.003125
0 0.746875 0.490625 0.00703125 0.003125
0 0.80234375 0.521875 0.0078125 0.003125
0 0.79296875 0.53515625 0.00234375 0.0015625
0 0.82421875 0.546875 0.003125 0.003125
0 0.82734375 0.55390625 0.00234375 0.003125
0 0.8109375 0.57265625 0.00546875 0.0046875
0 0.7390625 0.575 0.00625 0.00390625
0 0.75625 0.578125 0.003125 0.00234375
0 0.7984375 0.6140625 0.00546875 0.00625
0 0.796875 0.62109375 0.003125 0.003125
0 0.79296875 0.6109375 0.0046875 0.0046875
0 0.75703125 0.590625 0.00390625 0.00390625