0 0.53125 0.32890625 0.01484375 0.0140625
0 0.4421875 0.32109375 0.021875 0.01328125
0 0.16171875 0.29609375 0.01640625 0.00703125
0 0.20546875 0.290625 0.0265625 0.00546875
0 0.23203125 0.29296875 0.0109375 0.0046875
0 0.2921875 0.2875 0.0203125 0.003125
0 0.20078125 0.31484375 0.00546875 0.0046875
0 0.74375 0.421875 0.00703125 0.015625
0 0.740625 0.40390625 0.003125 0.00625
0 0.7546875 0.403125 0.00625 0.0046875
0 0.71640625 0.40703125 0.00625 0.00546875
0 0.72734375 0.4140625 0.01953125 0.00625
0 0.709375 0.38203125 0.0078125 0.0046875
0 0.4515625 0.3046875 0.021875 0.0078125