0 0.28671875 0.34375 0.02421875 0.01640625
0 0.453125 0.31640625 0.0265625 0.02265625
0 0.44140625 0.359375 0.01875 0.0140625
0 0.51796875 0.34921875 0.02265625 0.01484375
0 0.19765625 0.34765625 0.02890625 0.02265625
0 0.25078125 0.3 0.01875 0.015625
0 0.234375 0.325 0.01328125 0.0171875
0 0.278125 0.28125 0.01796875 0.0140625
0 0.29296875 0.2953125 0.0140625 0.0078125
0 0.15859375 0.4140625 0.01171875 0.01484375
0 0.13984375 0.41015625 0.01484375 0.00703125
0 0.3109375 0.4359375 0.03359375 0.02109375
0 0.3234375 0.490625 0.02890625 0.02109375
0 0.278125 0.49609375 0.0171875 0.01328125
0 0.0859375 0.38671875 0.01640625 0.01171875
0 0.359375 0.31640625 0.01796875 0.0171875
0 0.27734375 0.3046875 0.025 0.0171875
0 0.2484375 0.3265625 0.00859375 0.0125
0 0.18359375 0.3640625 0.01796875 0.0109375
0 0.509375 0.30859375 0.01796875 0.01640625
0 0.75390625 0.284375 0.03203125 0.015625
0 0.82109375 0.36015625 0.01875 0.0171875
0 0.653125 0.32109375 0.0125 0.01015625
0 0.640625 0.26875 0.01171875 0.00703125
0 0.63984375 0.4296875 0.0125 0.0171875
0 0.5859375 0.47421875 0.02265625 0.0203125
0 0.58984375 0.446875 0.015625 0.0140625
0 0.4796875 0.375 0.0140625 0.0140625
0 0.57890625 0.60390625 0.01953125 0.01171875
0 0.55234375 0.4671875 0.015625 0.00703125
0 0.47109375 0.4296875 0.0171875 0.01015625
0 0.3421875 0.27265625 0.02578125 0.02109375
0 0.36171875 0.253125 0.01328125 0.009375
0 0.42734375 0.25390625 0.0125 0.00703125
0 0.2984375 0.315625 0.01015625 0.0109375
0 0.3078125 0.296875 0.009375 0.01328125
0 0.21953125 0.31015625 0.01015625 0.01015625
0 0.2921875 0.2640625 0.0078125 0.01015625
0 0.26015625 0.35625 0.01484375 0.0109375
0 0.25703125 0.3265625 0.00546875 0.00625
0 0.0953125 0.3765625 0.00859375 0.00625
0 0.1515625 0.3765625 0.01328125 0.0125
0 0.19296875 0.3875 0.009375 0.0078125
0 0.38984375 0.44375 0.01328125 0.00703125
0 0.428125 0.359375 0.00546875 0.01015625
0 0.5984375 0.33125 0.00546875 0.00625
0 0.54140625 0.315625 0.01171875 0.00625
0 0.496875 0.321875 0.009375 0.0078125
0 0.76015625 0.3140625 0.0078125 0.0078125
0 0.71640625 0.2921875 0.009375 0.00546875
0 0.63984375 0.2953125 0.00546875 0.00546875
0 0.696875 0.31484375 0.009375 0.00703125
0 0.55390625 0.32421875 0.01015625 0.00625
0 0.41171875 0.26015625 0.0078125 0.0078125
0 0.29375 0.246875 0.009375 0.00390625
0 0.3234375 0.29140625 0.0046875 0.00625
0 0.2765625 0.3765625 0.00625 0.00625
0 0.30703125 0.39453125 0.0109375 0.0046875
0 0.87890625 0.4015625 0.0046875 0.003125
0 0.909375 0.41484375 0.00390625 0.0015625