0 0.55859375 0.37890625 0.02265625 0.01328125
0 0.58359375 0.28671875 0.02578125 0.0140625
0 0.55 0.27578125 0.00703125 0.0046875
0 0.58984375 0.259375 0.01640625 0.01484375
0 0.64140625 0.24765625 0.01328125 0.009375
0 0.66015625 0.14921875 0.00625 0.00625
0 0.65546875 0.1578125 0.00546875 0.00390625
0 0.75390625 0.11953125 0.0328125 0.01640625
0 0.75859375 0.1484375 0.0109375 0.0046875
0 0.71875 0.12265625 0.0046875 0.003125
0 0.6984375 0.1421875 0.00390625 0.003125
0 0.703125 0.1453125 0.0046875 0.003125
0 0.65078125 0.09921875 0.00703125 0.003125
0 0.52890625 0.1390625 0.034375 0.02265625
0 0.475 0.146875 0.02890625 0.021875
0 0.46015625 0.17890625 0.01171875 0.00859375
0 0.49375 0.19453125 0.00859375 0.0046875
0 0.5328125 0.17421875 0.0125 0.00703125
0 0.31953125 0.2328125 0.04296875 0.02421875
0 0.31484375 0.28125 0.0328125 0.02109375
0 0.2234375 0.1671875 0.01640625 0.00859375
0 0.240625 0.153125 0.0140625 0.01015625
0 0.3203125 0.15703125 0.0203125 0.01171875
0 0.2796875 0.13828125 0.02265625 0.0125
0 0.3 0.11953125 0.01328125 0.009375
0 0.32265625 0.10625 0.0078125 0.00625
0 0.33125 0.12421875 0.04453125 0.0328125
0 0.3921875 0.13828125 0.0125 0.0078125
0 0.4515625 0.096875 0.0125 0.009375
0 0.16640625 0.19921875 0.0109375 0.0078125
0 0.16484375 0.1859375 0.00859375 0.0046875
0 0.27421875 0.2828125 0.0109375 0.00703125