0 0.24375 0.31796875 0.0265625 0.02578125
0 0.2953125 0.34140625 0.03515625 0.0109375
0 0.27265625 0.35859375 0.0125 0.009375
0 0.08203125 0.38515625 0.00859375 0.00390625
0 0.103125 0.32265625 0.0203125 0.0140625
0 0.10390625 0.33828125 0.01875 0.01015625
0 0.11015625 0.3015625 0.0109375 0.00859375
0 0.12421875 0.29453125 0.0140625 0.00703125
0 0.1109375 0.2625 0.009375 0.00546875
0 0.10546875 0.28046875 0.0109375 0.00859375
0 0.1359375 0.26875 0.0359375 0.02734375
0 0.16171875 0.2875 0.0140625 0.00859375
0 0.15234375 0.30078125 0.015625 0.0046875
0 0.33671875 0.2453125 0.0109375 0.00546875
0 0.29921875 0.28828125 0.01015625 0.0046875
0 0.26640625 0.23359375 0.0140625 0.009375
0 0.25703125 0.23828125 0.00625 0.00390625
0 0.18515625 0.24765625 0.00859375 0.00703125
0 0.14921875 0.23515625 0.01484375 0.0109375
0 0.17734375 0.20546875 0.01796875 0.009375
0 0.246875 0.2125 0.0265625 0.015625
0 0.2734375 0.1875 0.02734375 0.02109375
0 0.30625 0.20234375 0.01171875 0.00625
0 0.30078125 0.22578125 0.00703125 0.00546875
0 0.41640625 0.2328125 0.00859375 0.00546875
0 0.42265625 0.2109375 0.0171875 0.01328125
0 0.44453125 0.2234375 0.0140625 0.00859375
0 0.4375 0.1875 0.01171875 0.0046875
0 0.35859375 0.14296875 0.0078125 0.0046875
0 0.38125 0.0984375 0.015625 0.0109375
0 0.47265625 0.103125 0.01328125 0.009375
0 0.71875 0.08671875 0.0125 0.00625