0 0.56796875 0.3078125 0.01171875 0.00703125
0 0.49296875 0.32109375 0.01171875 0.00859375
0 0.6609375 0.4359375 0.0203125 0.01484375
0 0.83203125 0.40234375 0.02734375 0.03046875
0 0.82109375 0.46015625 0.0171875 0.01171875
0 0.25703125 0.4515625 0.01640625 0.01015625
0 0.2578125 0.5984375 0.02578125 0.01328125
0 0.2578125 0.65625 0.02265625 0.0140625
0 0.41328125 0.69140625 0.01171875 0.0109375
0 0.43515625 0.72578125 0.01640625 0.0140625
0 0.4015625 0.71640625 0.02734375 0.01484375
0 0.4640625 0.71015625 0.01484375 0.01171875
0 0.578125 0.70703125 0.0375 0.0171875
0 0.6078125 0.671875 0.03203125 0.0171875
0 0.7171875 0.58125 0.0390625 0.02265625
0 0.6953125 0.5265625 0.03671875 0.015625
0 0.7359375 0.53203125 0.0109375 0.00625
0 0.734375 0.55 0.01484375 0.00859375
0 0.76640625 0.559375 0.01796875 0.0125
0 0.75859375 0.628125 0.065625 0.0671875
0 0.81171875 0.71015625 0.0390625 0.03125
0 0.76796875 0.73125 0.02578125 0.015625
0 0.77421875 0.7671875 0.03671875 0.0375
0 0.46640625 0.7890625 0.01953125 0.01171875
0 0.540625 0.76953125 0.015625 0.015625
0 0.5109375 0.78828125 0.0515625 0.02421875
0 0.5609375 0.8 0.0203125 0.009375
0 0.6015625 0.79609375 0.03671875 0.01328125
0 0.53515625 0.80546875 0.01015625 0.00625
0 0.4828125 0.76171875 0.0109375 0.0078125
0 0.6578125 0.77265625 0.0125 0.00859375
0 0.634375 0.68125 0.0109375 0.00859375
0 0.44296875 0.6015625 0.01796875 0.0109375
0 0.38828125 0.6109375 0.00859375 0.0078125
0 0.42578125 0.61640625 0.01328125 0.009375