0 0.49453125 0.465625 0.02421875 0.03203125
0 0.528125 0.434375 0.02421875 0.01875
0 0.5046875 0.5015625 0.02421875 0.0171875
0 0.4609375 0.49140625 0.01015625 0.0125
0 0.46484375 0.53828125 0.01796875 0.02109375
0 0.49140625 0.396875 0.01796875 0.01796875
0 0.50625 0.3625 0.015625 0.01484375
0 0.51171875 0.3328125 0.01875 0.0171875
0 0.4453125 0.38515625 0.02265625 0.03125
0 0.478125 0.2953125 0.0171875 0.01796875
0 0.54609375 0.2296875 0.0234375 0.01953125
0 0.56171875 0.28203125 0.02109375 0.0234375
0 0.35 0.32109375 0.00703125 0.01328125
0 0.52421875 0.28359375 0.00859375 0.00625
0 0.603125 0.1375 0.01640625 0.0109375
0 0.5265625 0.334375 0.00546875 0.00859375
0 0.5484375 0.334375 0.009375 0.0125
0 0.5578125 0.375 0.0078125 0.00859375
0 0.5515625 0.4109375 0.01015625 0.0078125
0 0.57265625 0.4234375 0.0078125 0.0078125
0 0.57109375 0.45234375 0.00703125 0.01015625
0 0.55703125 0.48359375 0.00703125 0.00625
0 0.5578125 0.49296875 0.0046875 0.00859375
0 0.396875 0.27421875 0.01015625 0.0234375
0 0.4640625 0.35625 0.0171875 0.0140625