0 0.5765625 0.75234375 0.01953125 0.01484375
0 0.63359375 0.75859375 0.015625 0.01171875
0 0.61875 0.72421875 0.0125 0.00625
0 0.66171875 0.7328125 0.02890625 0.0171875
0 0.66953125 0.7765625 0.009375 0.0046875
0 0.6796875 0.778125 0.00625 0.0046875
0 0.671875 0.78515625 0.00703125 0.0046875
0 0.71171875 0.734375 0.01640625 0.01171875
0 0.7203125 0.68828125 0.02265625 0.0140625
0 0.709375 0.64375 0.0109375 0.009375
0 0.69296875 0.640625 0.02265625 0.01484375
0 0.73828125 0.6390625 0.00625 0.00546875
0 0.76015625 0.67265625 0.01796875 0.01015625
0 0.790625 0.6515625 0.0171875 0.01796875
0 0.728125 0.74140625 0.009375 0.0109375
0 0.734375 0.725 0.00703125 0.00546875
0 0.75625 0.7203125 0.00390625 0.00390625
0 0.7484375 0.72421875 0.0046875 0.00546875
0 0.75859375 0.7140625 0.01484375 0.00859375
0 0.77109375 0.70703125 0.0109375 0.00703125
0 0.7734375 0.6921875 0.00234375 0.00234375
0 0.77578125 0.68984375 0.0015625 0.00234375
0 0.77578125 0.69609375 0.00234375 0.0015625
0 0.78046875 0.69375 0.00703125 0.003125
0 0.7921875 0.66875 0.01484375 0.0125
0 0.78125 0.68046875 0.01484375 0.01875
0 0.79453125 0.67890625 0.00390625 0.00546875
0 0.7921875 0.6875 0.00625 0.00546875
0 0.8140625 0.63125 0.00703125 0.00390625
0 0.815625 0.61796875 0.015625 0.00390625
0 0.8203125 0.62265625 0.0140625 0.0078125
0 0.82265625 0.63125 0.00859375 0.00625
0 0.81015625 0.6671875 0.01484375 0.01640625
0 0.81171875 0.646875 0.02109375 0.015625
0 0.8078125 0.59921875 0.025 0.01875
0 0.83671875 0.5984375 0.01796875 0.0171875
0 0.8421875 0.5765625 0.02421875 0.01640625
0 0.61171875 0.3625 0.0234375 0.01328125
0 0.8109375 0.32578125 0.0125 0.00859375
0 0.7921875 0.31796875 0.00390625 0.003125
0 0.81796875 0.33046875 0.0046875 0.003125
0 0.815625 0.3359375 0.00390625 0.00234375
0 0.78125 0.33125 0.003125 0.00234375
0 0.79609375 0.34375 0.00390625 0.003125
0 0.80078125 0.3109375 0.00390625 0.003125
0 0.28046875 0.2546875 0.0109375 0.009375
0 0.30390625 0.028125 0.003125 0.00234375
0 0.29296875 0.028125 0.01015625 0.0015625
0 0.1296875 0.0609375 0.003125 0.00234375
0 0.14921875 0.06796875 0.00546875 0.003125
0 0.153125 0.07265625 0.00546875 0.00546875
0 0.15078125 0.078125 0.003125 0.00234375
0 0.14296875 0.08125 0.003125 0.00234375
0 0.16484375 0.06640625 0.003125 0.003125
0 0.16015625 0.0625 0.003125 0.003125