0 0.659375 0.290625 0.04140625 0.0359375
0 0.69296875 0.25 0.02734375 0.01796875
0 0.70390625 0.29453125 0.015625 0.01796875
0 0.740625 0.3015625 0.0375 0.02265625
0 0.71484375 0.3265625 0.01015625 0.009375
0 0.73671875 0.32578125 0.01484375 0.01484375
0 0.76328125 0.32265625 0.01796875 0.0109375
0 0.77109375 0.33203125 0.0078125 0.0046875
0 0.78046875 0.33984375 0.015625 0.01171875
0 0.79765625 0.32578125 0.01015625 0.0046875
0 0.80546875 0.334375 0.0078125 0.00703125
0 0.77421875 0.3125 0.01796875 0.00703125
0 0.76328125 0.28359375 0.015625 0.009375
0 0.75078125 0.31484375 0.01484375 0.00625
0 0.7609375 0.34296875 0.01484375 0.00546875
0 0.6484375 0.3796875 0.0140625 0.01484375
0 0.68046875 0.37109375 0.00546875 0.00390625
0 0.671875 0.35703125 0.00546875 0.003125
0 0.73125 0.36328125 0.0109375 0.00546875
0 0.80078125 0.384375 0.01015625 0.0078125
0 0.79296875 0.40078125 0.0171875 0.00859375
0 0.8234375 0.36328125 0.00546875 0.00546875
0 0.83046875 0.36015625 0.00625 0.003125
0 0.809375 0.36796875 0.00390625 0.00234375
0 0.81015625 0.37421875 0.0046875 0.00390625
0 0.87734375 0.359375 0.00390625 0.00546875
0 0.90234375 0.359375 0.00859375 0.0078125
0 0.89296875 0.365625 0.009375 0.01328125
0 0.921875 0.3671875 0.01953125 0.0078125
0 0.92890625 0.3890625 0.0046875 0.00859375
0 0.8734375 0.40859375 0.021875 0.0109375
0 0.8203125 0.4234375 0.0046875 0.00625
0 0.85859375 0.415625 0.00546875 0.00546875
0 0.8734375 0.42265625 0.009375 0.00703125
0 0.89609375 0.4296875 0.00546875 0.0046875
0 0.92578125 0.44140625 0.034375 0.03046875
0 0.90625 0.465625 0.009375 0.00703125
0 0.93359375 0.39765625 0.01015625 0.0046875
0 0.946875 0.40390625 0.00546875 0.00546875
0 0.9015625 0.37890625 0.0078125 0.0046875
0 0.93125 0.35703125 0.00703125 0.00859375
0 0.85625 0.38515625 0.00546875 0.00390625
0 0.88046875 0.384375 0.0046875 0.003125
0 0.88984375 0.3734375 0.0078125 0.00546875
0 0.875 0.3640625 0.01015625 0.003125
0 0.8921875 0.3234375 0.00625 0.0046875
0 0.76796875 0.25546875 0.015625 0.01015625
0 0.81640625 0.2609375 0.00546875 0.0046875
0 0.8328125 0.22734375 0.00546875 0.0046875
0 0.7375 0.28359375 0.01484375 0.009375
0 0.64921875 0.253125 0.01796875 0.009375
0 0.63515625 0.23125 0.01640625 0.0078125
0 0.653125 0.22109375 0.00703125 0.00390625
0 0.5765625 0.23984375 0.04453125 0.0234375
0 0.60234375 0.2171875 0.00546875 0.0046875
0 0.61640625 0.20390625 0.0078125 0.0046875
0 0.559375 0.225 0.00546875 0.00546875
0 0.5390625 0.2109375 0.0078125 0.00546875
0 0.615625 0.25390625 0.00703125 0.00859375
0 0.6109375 0.265625 0.00625 0.0046875
0 0.59921875 0.28671875 0.0078125 0.00546875
0 0.6328125 0.27578125 0.00859375 0.0140625
0 0.584375 0.27890625 0.009375 0.00390625
0 0.5671875 0.29140625 0.0078125 0.0046875
0 0.5609375 0.334375 0.00859375 0.00703125
0 0.6046875 0.31875 0.0109375 0.00703125
0 0.62890625 0.2984375 0.00703125 0.01015625
0 0.5046875 0.23515625 0.00546875 0.00390625
0 0.4609375 0.16640625 0.02265625 0.015625
0 0.11953125 0.08828125 0.03359375 0.01640625
0 0.15703125 0.125 0.0140625 0.00859375
0 0.62265625 0.08125 0.009375 0.01171875
0 0.67109375 0.1421875 0.01796875 0.01484375
0 0.57421875 0.12265625 0.0171875 0.01015625
0 0.63984375 0.09453125 0.0171875 0.01640625
0 0.48828125 0.27890625 0.01015625 0.009375
0 0.7578125 0.37890625 0.00546875 0.0125
0 0.84453125 0.28046875 0.00234375 0.00390625