0 0.4703125 0.47265625 0.0109375 0.0078125
0 0.46875 0.459375 0.009375 0.0078125
0 0.40625 0.46328125 0.0078125 0.00546875
0 0.33046875 0.4984375 0.040625 0.04765625
0 0.37890625 0.42109375 0.01171875 0.009375
0 0.37890625 0.43828125 0.0125 0.00859375
0 0.41484375 0.42734375 0.00859375 0.00625
0 0.40390625 0.409375 0.01640625 0.0078125
0 0.25 0.46171875 0.01484375 0.00546875
0 0.25859375 0.4515625 0.0078125 0.00546875
0 0.2734375 0.440625 0.0109375 0.00703125
0 0.30234375 0.44375 0.0125 0.00859375
0 0.2796875 0.428125 0.00625 0.0046875
0 0.2984375 0.4234375 0.0234375 0.01640625
0 0.32265625 0.41015625 0.0125 0.00703125
0 0.35 0.6078125 0.02421875 0.02265625
0 0.31015625 0.60859375 0.0390625 0.0171875
0 0.1890625 0.5359375 0.03125 0.0203125
0 0.2125 0.55078125 0.0140625 0.0078125
0 0.2015625 0.58125 0.021875 0.015625
0 0.28515625 0.58828125 0.0546875 0.0234375
0 0.2953125 0.6453125 0.0125 0.00546875
0 0.29375 0.62578125 0.01171875 0.00703125
0 0.34375 0.64375 0.01484375 0.01015625
0 0.36875 0.63359375 0.00625 0.009375
0 0.38515625 0.64453125 0.00859375 0.00546875
0 0.41328125 0.628125 0.02109375 0.01875
0 0.5171875 0.6640625 0.01484375 0.0140625
0 0.4046875 0.74375 0.01328125 0.0125
0 0.45546875 0.7921875 0.03515625 0.02265625
0 0.7109375 0.696875 0.009375 0.00625
0 0.73125 0.640625 0.00859375 0.00703125
0 0.6875 0.45546875 0.01015625 0.00625
0 0.48828125 0.446875 0.009375 0.0046875
0 0.5515625 0.39765625 0.009375 0.00625
0 0.50859375 0.37734375 0.0109375 0.00859375