0 0.24296875 0.471875 0.02890625 0.02109375
0 0.2859375 0.4234375 0.02890625 0.0171875
0 0.3265625 0.3421875 0.03203125 0.015625
0 0.371875 0.35625 0.01953125 0.0125
0 0.44140625 0.42890625 0.0453125 0.02578125
0 0.53203125 0.4375 0.03828125 0.03359375
0 0.38671875 0.32265625 0.01796875 0.0140625
0 0.534375 0.3046875 0.02578125 0.015625
0 0.5703125 0.30546875 0.0265625 0.01328125
0 0.28125 0.38203125 0.02265625 0.0140625
0 0.74921875 0.271875 0.0234375 0.0125
0 0.37734375 0.22578125 0.0203125 0.01015625
0 0.51875 0.28671875 0.0203125 0.01015625
0 0.2703125 0.49296875 0.0328125 0.021875
0 0.23359375 0.4515625 0.03046875 0.015625
0 0.22578125 0.415625 0.05234375 0.03515625