0 0.5765625 0.671875 0.015625 0.009375
0 0.15 0.58125 0.01015625 0.0078125
0 0.07421875 0.53125 0.0125 0.0078125
0 0.784375 0.55546875 0.02109375 0.0125
0 0.8453125 0.51875 0.0375 0.028125
0 0.7625 0.4140625 0.009375 0.00546875
0 0.64375 0.43828125 0.0203125 0.01328125
0 0.67265625 0.4421875 0.01875 0.00859375
0 0.69453125 0.46796875 0.0140625 0.0078125
0 0.796875 0.41328125 0.028125 0.03203125
0 0.78359375 0.38359375 0.0140625 0.00859375
0 0.7484375 0.37890625 0.0125 0.00859375
0 0.67265625 0.3203125 0.0328125 0.021875
0 0.62109375 0.31796875 0.046875 0.02265625
0 0.7359375 0.39609375 0.00703125 0.00625
0 0.2671875 0.3859375 0.02734375 0.01484375
0 0.3828125 0.33359375 0.040625 0.02578125
0 0.21953125 0.290625 0.01484375 0.01015625
0 0.121875 0.3 0.05078125 0.01796875
0 0.37109375 0.3078125 0.009375 0.00546875
0 0.39765625 0.3 0.0078125 0.00546875
0 0.44296875 0.296875 0.04765625 0.021875
0 0.45859375 0.26796875 0.03515625 0.025
0 0.5015625 0.259375 0.04609375 0.0296875
0 0.59140625 0.225 0.01171875 0.009375
0 0.628125 0.209375 0.0375 0.0171875
0 0.69765625 0.25625 0.01015625 0.00625
0 0.73671875 0.2765625 0.00859375 0.0046875
0 0.75546875 0.2828125 0.015625 0.0078125
0 0.75390625 0.315625 0.00703125 0.00390625
0 0.80390625 0.3171875 0.05625 0.025
0 0.78046875 0.29609375 0.03515625 0.0125
0 0.8234375 0.3453125 0.01171875 0.00703125
0 0.84296875 0.36875 0.01328125 0.009375
0 0.39140625 0.27890625 0.01796875 0.009375