0 0.48984375 0.63828125 0.05078125 0.02265625
0 0.55390625 0.59609375 0.03828125 0.02265625
0 0.47421875 0.68125 0.0546875 0.05
0 0.28046875 0.728125 0.0234375 0.01484375
0 0.23046875 0.74140625 0.05625 0.025
0 0.553125 0.66640625 0.021875 0.01484375
0 0.54296875 0.63984375 0.01171875 0.0078125
0 0.571875 0.6328125 0.01796875 0.00703125
0 0.74296875 0.6609375 0.0171875 0.0125
0 0.66796875 0.5203125 0.0234375 0.01484375
0 0.85 0.6375 0.0515625 0.0265625
0 0.4109375 0.68515625 0.05859375 0.06015625
0 0.13125 0.6796875 0.01875 0.01015625
0 0.11484375 0.66875 0.02890625 0.0109375
0 0.1 0.646875 0.01328125 0.0140625
0 0.12890625 0.615625 0.02109375 0.01328125
0 0.07265625 0.6296875 0.0125 0.009375
0 0.08515625 0.6046875 0.05625 0.03125
0 0.06796875 0.575 0.02265625 0.01328125
0 0.13515625 0.52109375 0.0203125 0.0125
0 0.16953125 0.53203125 0.01796875 0.0140625
0 0.228125 0.60859375 0.03125 0.0234375
0 0.28359375 0.60703125 0.04921875 0.01640625
0 0.303125 0.45859375 0.01875 0.0140625
0 0.2625 0.42890625 0.015625 0.00859375
0 0.2765625 0.4578125 0.0203125 0.01171875
0 0.171875 0.48671875 0.01171875 0.00859375
0 0.19140625 0.51015625 0.0078125 0.00546875
0 0.13515625 0.48984375 0.04453125 0.021875
0 0.140625 0.371875 0.02265625 0.01875
0 0.21796875 0.34296875 0.01640625 0.01015625
0 0.40390625 0.2640625 0.01328125 0.00703125
0 0.7234375 0.33671875 0.0078125 0.00546875
0 0.7984375 0.38203125 0.0125 0.00859375
0 0.5265625 0.709375 0.0140625 0.009375