0 0.7296875 0.37734375 0.02890625 0.01875
0 0.70546875 0.35859375 0.00859375 0.00625
0 0.4265625 0.33046875 0.02109375 0.01328125
0 0.46328125 0.3296875 0.01796875 0.00859375
0 0.653125 0.3390625 0.01015625 0.00859375
0 0.58984375 0.28671875 0.0109375 0.00546875
0 0.55 0.2734375 0.0078125 0.00546875
0 0.71875 0.31015625 0.00703125 0.00703125
0 0.61171875 0.25 0.02734375 0.0140625
0 0.5640625 0.25390625 0.01015625 0.00625
0 0.63984375 0.271875 0.0234375 0.0140625
0 0.378125 0.18671875 0.0109375 0.0046875
0 0.384375 0.20625 0.01875 0.009375
0 0.60703125 0.184375 0.03984375 0.01640625
0 0.55 0.15546875 0.01484375 0.0125
0 0.68515625 0.2296875 0.015625 0.0109375
0 0.55859375 0.18671875 0.01640625 0.0109375
0 0.4546875 0.20234375 0.0328125 0.0140625
0 0.5765625 0.1671875 0.01640625 0.0125