0 0.4265625 0.521875 0.04765625 0.0296875
0 0.3484375 0.53984375 0.08046875 0.03828125
0 0.484375 0.60859375 0.03828125 0.0234375
0 0.66875 0.63671875 0.04609375 0.04296875
0 0.71484375 0.42421875 0.04765625 0.03359375
0 0.7609375 0.4625 0.028125 0.0265625
0 0.6015625 0.4625 0.0578125 0.03046875
0 0.315625 0.38828125 0.04375 0.025
0 0.38984375 0.3921875 0.02265625 0.028125
0 0.528125 0.25234375 0.03203125 0.02421875
0 0.4828125 0.2609375 0.03203125 0.02109375
0 0.34375 0.33671875 0.0296875 0.0203125
0 0.27421875 0.34375 0.03359375 0.0328125
0 0.17265625 0.2015625 0.02421875 0.0234375
0 0.20234375 0.4796875 0.0421875 0.06328125
0 0.2546875 0.48125 0.03671875 0.0328125
0 0.4109375 0.56328125 0.03671875 0.0234375
0 0.3359375 0.4671875 0.03125 0.0234375
0 0.40625 0.36015625 0.01953125 0.0203125
0 0.525 0.628125 0.03359375 0.03515625
0 0.5703125 0.3921875 0.009375 0.0109375
0 0.73515625 0.16171875 0.015625 0.01875
0 0.2734375 0.15234375 0.01953125 0.0125
0 0.2515625 0.25078125 0.0125 0.0109375
0 0.16796875 0.25546875 0.01171875 0.00625