0 0.5328125 0.41953125 0.03203125 0.02421875
0 0.428125 0.5765625 0.03671875 0.02890625
0 0.25234375 0.3765625 0.02734375 0.02421875
0 0.41875 0.52265625 0.02421875 0.01640625
0 0.61171875 0.684375 0.03359375 0.02734375
0 0.54375 0.70234375 0.0671875 0.02890625
0 0.7234375 0.59453125 0.06875 0.021875
0 0.790625 0.54921875 0.03515625 0.0265625
0 0.49609375 0.56171875 0.02578125 0.021875
0 0.371875 0.54375 0.03203125 0.01796875
0 0.1953125 0.4296875 0.03046875 0.01796875
0 0.49609375 0.4296875 0.03828125 0.015625
0 0.3015625 0.4609375 0.03203125 0.015625
0 0.84921875 0.56953125 0.03046875 0.021875
0 0.42890625 0.69921875 0.03203125 0.02421875