0 0.11328125 0.35390625 0.00234375 0.00234375
0 0.1203125 0.35390625 0.003125 0.00234375
0 0.1125 0.35859375 0.00390625 0.00234375
0 0.09765625 0.3609375 0.003125 0.00234375
0 0.125 0.36171875 0.00234375 0.0015625
0 0.12578125 0.359375 0.00234375 0.0015625
0 0.1203125 0.3578125 0.0078125 0.00234375
0 0.346875 0.371875 0.00859375 0.0046875
0 0.56953125 0.303125 0.0109375 0.00859375
0 0.89375 0.3859375 0.0109375 0.00859375
0 0.878125 0.36484375 0.00703125 0.00546875
0 0.91171875 0.3640625 0.00859375 0.00546875
0 0.8953125 0.35078125 0.01640625 0.009375
0 0.90546875 0.3375 0.0078125 0.0046875
0 0.82421875 0.33203125 0.0125 0.00703125
0 0.83046875 0.32578125 0.0046875 0.00390625
0 0.87109375 0.32734375 0.00859375 0.0046875
0 0.86484375 0.3171875 0.00859375 0.00390625
0 0.85390625 0.3078125 0.0078125 0.003125
0 0.6046875 0.24609375 0.00546875 0.003125
0 0.59375 0.24375 0.003125 0.0015625
0 0.60234375 0.25 0.00234375 0.0015625
0 0.59609375 0.246875 0.00234375 0.0015625
0 0.61328125 0.2546875 0.00234375 0.0015625
0 0.609375 0.2453125 0.0046875 0.00234375
0 0.61484375 0.246875 0.0015625 0.0015625
0 0.61328125 0.24453125 0.00234375 0.0015625