0 0.5984375 0.30625 0.021875 0.01484375
0 0.7375 0.3484375 0.0203125 0.01484375
0 0.740625 0.42109375 0.0171875 0.01484375
0 0.81171875 0.3734375 0.0109375 0.02109375
0 0.82265625 0.35546875 0.0125 0.01328125
0 0.53125 0.41796875 0.02734375 0.0234375
0 0.5703125 0.446875 0.0140625 0.0078125
0 0.54765625 0.4671875 0.01484375 0.0109375
0 0.50390625 0.4875 0.04921875 0.028125
0 0.571875 0.49140625 0.015625 0.01484375
0 0.57890625 0.540625 0.01484375 0.015625
0 0.5078125 0.53125 0.0296875 0.03828125
0 0.54140625 0.54453125 0.01015625 0.0078125
0 0.3625 0.5265625 0.01015625 0.0125
0 0.37890625 0.52421875 0.00859375 0.01328125
0 0.4859375 0.55859375 0.02109375 0.02109375
0 0.45859375 0.578125 0.0140625 0.01328125
0 0.40078125 0.64609375 0.021875 0.02109375
0 0.3671875 0.6765625 0.02578125 0.02890625
0 0.45703125 0.6578125 0.0171875 0.0171875
0 0.640625 0.1234375 0.01796875 0.01171875
0 0.54140625 0.09921875 0.01015625 0.0078125
0 0.5765625 0.0515625 0.02265625 0.025
0 0.46484375 0.440625 0.01015625 0.003125
0 0.48359375 0.45546875 0.00546875 0.00390625
0 0.51796875 0.4515625 0.0046875 0.00625
0 0.53671875 0.45 0.0078125 0.0078125
0 0.525 0.44296875 0.00546875 0.00859375
0 0.59765625 0.42734375 0.00859375 0.003125
0 0.575 0.42421875 0.00703125 0.003125
0 0.55078125 0.42265625 0.0078125 0.00859375
0 0.58984375 0.45546875 0.00703125 0.00546875
0 0.51015625 0.4703125 0.00859375 0.00390625
0 0.521875 0.47109375 0.00546875 0.00390625
0 0.46171875 0.5390625 0.0046875 0.00625
0 0.46953125 0.5484375 0.0125 0.00546875
0 0.4078125 0.56171875 0.00703125 0.0046875
0 0.3921875 0.53828125 0.01171875 0.00859375
0 0.44609375 0.5625 0.0046875 0.00546875
0 0.403125 0.60390625 0.00625 0.00625
0 0.37265625 0.60703125 0.009375 0.00859375
0 0.3515625 0.628125 0.00546875 0.00546875
0 0.465625 0.6453125 0.01171875 0.00703125
0 0.346875 0.675 0.0078125 0.00703125
0 0.35234375 0.6859375 0.00390625 0.00625
0 0.38203125 0.63984375 0.00703125 0.00390625
0 0.37890625 0.64921875 0.00703125 0.00390625
0 0.4796875 0.5875 0.01015625 0.00390625
0 0.4875 0.58125 0.00859375 0.00390625
0 0.50078125 0.5625 0.00625 0.009375
0 0.46796875 0.5578125 0.00703125 0.0046875
0 0.47265625 0.56875 0.00546875 0.00625
0 0.46953125 0.575 0.0046875 0.00859375
0 0.54609375 0.40234375 0.00625 0.00546875
0 0.55625 0.38359375 0.00546875 0.00546875
0 0.49296875 0.1375 0.00703125 0.00390625
0 0.61171875 0.03828125 0.015625 0.01015625
0 0.628125 0.05078125 0.00390625 0.00390625
0 0.83828125 0.35546875 0.00703125 0.00625
0 0.82421875 0.37265625 0.00859375 0.0140625
0 0.7609375 0.35 0.0046875 0.00390625
0 0.59375 0.565625 0.00546875 0.00546875
0 0.5328125 0.53125 0.00625 0.00546875
0 0.6140625 0.515625 0.00390625 0.0046875
0 0.4546875 0.3875 0.00546875 0.0046875
0 0.5140625 0.375 0.00625 0.00390625
0 0.5421875 0.38515625 0.0046875 0.0046875
0 0.4921875 0.40546875 0.0046875 0.00546875
0 0.4046875 0.396875 0.00703125 0.003125
0 0.44140625 0.47265625 0.00625 0.00625
0 0.40390625 0.45703125 0.00625 0.00390625
0 0.4234375 0.66796875 0.01875 0.0015625
0 0.4453125 0.64375 0.00390625 0.003125
0 0.46328125 0.6328125 0.0046875 0.003125
0 0.42578125 0.6296875 0.00546875 0.003125
0 0.45703125 0.64296875 0.00625 0.0046875