0 0.6203125 0.4359375 0.04296875 0.03671875
0 0.67421875 0.46015625 0.04921875 0.0328125
0 0.728125 0.42265625 0.01875 0.01328125
0 0.66796875 0.396875 0.02109375 0.01953125
0 0.6265625 0.3953125 0.0125 0.01015625
0 0.62109375 0.371875 0.01171875 0.0109375
0 0.56640625 0.37265625 0.0390625 0.02265625
0 0.57890625 0.53828125 0.021875 0.0203125
0 0.740625 0.60390625 0.01953125 0.01640625
0 0.79140625 0.571875 0.01875 0.0140625
0 0.7 0.5171875 0.0140625 0.01328125
0 0.69765625 0.490625 0.0265625 0.01953125
0 0.66484375 0.490625 0.03125 0.01953125
0 0.69375 0.2578125 0.021875 0.01328125
0 0.484375 0.26640625 0.0265625 0.01875
0 0.61171875 0.2171875 0.0171875 0.01015625
0 0.68359375 0.18359375 0.02890625 0.03203125
0 0.17890625 0.10703125 0.0234375 0.015625
0 0.7609375 0.64375 0.0359375 0.0359375
0 0.71015625 0.44765625 0.0140625 0.01328125