0 0.19296875 0.54921875 0.015625 0.01015625
0 0.20703125 0.5625 0.0109375 0.0078125
0 0.2484375 0.5859375 0.01328125 0.00703125
0 0.23828125 0.61328125 0.00546875 0.003125
0 0.20703125 0.61484375 0.00703125 0.0046875
0 0.1796875 0.52734375 0.01640625 0.0078125
0 0.2078125 0.5046875 0.01328125 0.00859375
0 0.171875 0.49609375 0.034375 0.02421875
0 0.1609375 0.5125 0.0125 0.00625
0 0.18515625 0.51875 0.0109375 0.00859375
0 0.1484375 0.4953125 0.009375 0.00859375
0 0.153125 0.45859375 0.0109375 0.00625
0 0.1921875 0.46171875 0.009375 0.00703125
0 0.25 0.428125 0.009375 0.0078125
0 0.2453125 0.4359375 0.00625 0.00390625
0 0.215625 0.41328125 0.0234375 0.01484375
0 0.21328125 0.3765625 0.01328125 0.0140625
0 0.25546875 0.3828125 0.01171875 0.01015625
0 0.29921875 0.5171875 0.0234375 0.0234375
0 0.353125 0.52265625 0.02578125 0.015625
0 0.35078125 0.54765625 0.0109375 0.00859375
0 0.25390625 0.3015625 0.009375 0.0046875
0 0.2609375 0.30546875 0.0046875 0.003125
0 0.2359375 0.23671875 0.01484375 0.01484375
0 0.32890625 0.21328125 0.01875 0.01171875
0 0.36875 0.36875 0.01640625 0.01015625
0 0.3609375 0.334375 0.01015625 0.00546875
0 0.39765625 0.37734375 0.01953125 0.0140625
0 0.32109375 0.4765625 0.00703125 0.0046875
0 0.32265625 0.43046875 0.009375 0.00546875
0 0.27265625 0.4125 0.00703125 0.00546875
0 0.57265625 0.1234375 0.0109375 0.00703125