0 0.94375 0.52109375 0.00859375 0.00859375
0 0.8140625 0.51484375 0.00390625 0.00390625
0 0.878125 0.48046875 0.00546875 0.00390625
0 0.89765625 0.46875 0.00390625 0.003125
0 0.83359375 0.45234375 0.00703125 0.00390625
0 0.84296875 0.45 0.00390625 0.003125
0 0.82421875 0.45 0.0046875 0.003125
0 0.815625 0.45234375 0.0046875 0.00390625
0 0.8078125 0.4234375 0.00546875 0.00390625
0 0.81015625 0.42890625 0.0046875 0.00390625
0 0.8328125 0.4203125 0.00390625 0.00390625
0 0.8171875 0.4 0.003125 0.00625
0 0.73984375 0.3984375 0.0125 0.00703125
0 0.51640625 0.3484375 0.0140625 0.01015625
0 0.42578125 0.47578125 0.0140625 0.009375
0 0.4140625 0.45859375 0.009375 0.0109375
0 0.43984375 0.43515625 0.01015625 0.00625
0 0.21484375 0.5296875 0.02734375 0.0265625
0 0.2359375 0.56953125 0.05234375 0.0265625
0 0.10234375 0.50234375 0.0125 0.0078125
0 0.0953125 0.5203125 0.01640625 0.0109375
0 0.11796875 0.48203125 0.01328125 0.01015625
0 0.16328125 0.478125 0.0125 0.009375
0 0.146875 0.48828125 0.01640625 0.009375
0 0.12265625 0.459375 0.0109375 0.0078125
0 0.1328125 0.44375 0.00625 0.00625
0 0.15546875 0.453125 0.0375 0.0328125
0 0.2 0.4421875 0.00859375 0.0078125
0 0.17890625 0.42109375 0.0078125 0.00625
0 0.26796875 0.4203125 0.02578125 0.01484375
0 0.3 0.39921875 0.02421875 0.021875
0 0.325 0.41953125 0.0125 0.00859375
0 0.30703125 0.44453125 0.00703125 0.00546875
0 0.27265625 0.4453125 0.0203125 0.01015625
0 0.215625 0.39453125 0.01171875 0.0078125
0 0.32421875 0.4765625 0.009375 0.0078125
0 0.27421875 0.51015625 0.0109375 0.00703125
0 0.39453125 0.36875 0.00546875 0.00390625
0 0.39609375 0.375 0.00546875 0.0046875
0 0.36171875 0.3421875 0.00546875 0.0046875
0 0.43671875 0.3265625 0.02109375 0.01484375
0 0.4171875 0.33671875 0.003125 0.0046875
0 0.45625 0.3421875 0.0046875 0.00546875
0 0.4171875 0.3578125 0.0109375 0.0109375