0 0.33984375 0.29609375 0.0265625 0.01640625
0 0.3765625 0.30234375 0.00859375 0.00859375
0 0.403125 0.26875 0.01484375 0.01171875
0 0.44296875 0.2640625 0.0140625 0.009375
0 0.47578125 0.25390625 0.01484375 0.0109375
0 0.41640625 0.234375 0.02421875 0.00703125
0 0.3109375 0.2859375 0.00859375 0.00703125
0 0.271875 0.30546875 0.01328125 0.01171875
0 0.309375 0.3140625 0.01171875 0.01015625
0 0.37421875 0.33359375 0.0046875 0.00390625
0 0.40390625 0.3109375 0.00625 0.0078125
0 0.53125 0.24140625 0.00859375 0.00546875
0 0.5484375 0.2640625 0.0109375 0.0109375
0 0.44296875 0.2984375 0.00625 0.00625
0 0.4328125 0.29140625 0.00625 0.00546875
0 0.43203125 0.29921875 0.00546875 0.00546875
0 0.475 0.265625 0.01015625 0.00703125
0 0.48984375 0.27265625 0.00703125 0.00703125
0 0.478125 0.28515625 0.00546875 0.01328125
0 0.453125 0.29609375 0.00625 0.00703125
0 0.40546875 0.32421875 0.00703125 0.0046875
0 0.34140625 0.3359375 0.003125 0.0046875
0 0.3328125 0.33203125 0.00390625 0.00390625
0 0.33359375 0.340625 0.00390625 0.0046875
0 0.52109375 0.21796875 0.0125 0.01875
0 0.61171875 0.23046875 0.01796875 0.0171875
0 0.7890625 0.22109375 0.00859375 0.01640625
0 0.7609375 0.215625 0.003125 0.00234375
0 0.7953125 0.20546875 0.00625 0.0046875
0 0.7671875 0.22265625 0.003125 0.00234375
0 0.784375 0.2296875 0.00390625 0.0046875
0 0.75078125 0.1171875 0.009375 0.00546875
0 0.44765625 0.2359375 0.009375 0.00703125
0 0.5453125 0.14921875 0.01640625 0.00859375
0 0.60625 0.16640625 0.00234375 0.00390625
0 0.47890625 0.14296875 0.01171875 0.00546875