0 0.37734375 0.328125 0.04140625 0.015625
0 0.36953125 0.34765625 0.0140625 0.00546875
0 0.2984375 0.3265625 0.03671875 0.02265625
0 0.25 0.2546875 0.0109375 0.0078125
0 0.2421875 0.26015625 0.0046875 0.003125
0 0.2109375 0.2421875 0.03203125 0.0125
0 0.2234375 0.21796875 0.0234375 0.0171875
0 0.2703125 0.22578125 0.0109375 0.00625
0 0.284375 0.24375 0.00703125 0.0046875
0 0.1203125 0.25 0.01328125 0.00546875
0 0.1078125 0.27890625 0.015625 0.0109375
0 0.1140625 0.30625 0.04765625 0.021875
0 0.16484375 0.31796875 0.01875 0.01171875
0 0.11015625 0.340625 0.01484375 0.0078125
0 0.11796875 0.3609375 0.02578125 0.01171875
0 0.10703125 0.39921875 0.01328125 0.0046875
0 0.16171875 0.41015625 0.00859375 0.00546875
0 0.2796875 0.13828125 0.01328125 0.00625
0 0.28515625 0.17421875 0.00859375 0.00390625
0 0.34375 0.246875 0.0109375 0.00390625
0 0.334375 0.2875 0.0109375 0.0046875
0 0.41796875 0.22578125 0.00625 0.00390625
0 0.4390625 0.2140625 0.01875 0.0078125
0 0.40546875 0.21015625 0.01875 0.009375
0 0.3984375 0.19296875 0.0171875 0.00625
0 0.37265625 0.13203125 0.0171875 0.009375
0 0.5921875 0.090625 0.01328125 0.00546875