0 0.69140625 0.49375 0.01328125 0.01015625
0 0.70234375 0.3078125 0.01484375 0.01328125
0 0.69609375 0.26328125 0.0078125 0.0046875
0 0.7125 0.2421875 0.02421875 0.01640625
0 0.5484375 0.271875 0.01484375 0.01015625
0 0.50234375 0.25859375 0.015625 0.009375
0 0.47890625 0.27109375 0.02265625 0.0109375
0 0.6359375 0.2234375 0.00703125 0.0078125
0 0.45234375 0.196875 0.0078125 0.0078125
0 0.5 0.18359375 0.0078125 0.00703125
0 0.54140625 0.1890625 0.0125 0.0078125
0 0.665625 0.190625 0.00703125 0.0046875
0 0.5640625 0.1640625 0.0375 0.01640625
0 0.4890625 0.159375 0.0203125 0.0125
0 0.525 0.1484375 0.02109375 0.015625
0 0.3140625 0.165625 0.028125 0.02109375
0 0.28671875 0.14921875 0.0125 0.01015625
0 0.359375 0.14140625 0.04140625 0.0140625
0 0.33828125 0.15625 0.00390625 0.0046875
0 0.359375 0.15234375 0.0046875 0.00390625
0 0.55078125 0.11328125 0.01328125 0.01015625
0 0.3921875 0.121875 0.0046875 0.00390625
0 0.39140625 0.10546875 0.0046875 0.003125
0 0.4203125 0.0984375 0.0140625 0.0078125
0 0.45546875 0.08515625 0.03671875 0.0203125
0 0.3734375 0.065625 0.0140625 0.00703125
0 0.4109375 0.07265625 0.0203125 0.0140625
0 0.5046875 0.09453125 0.00859375 0.0046875
0 0.4828125 0.1140625 0.0109375 0.00390625
0 0.4375 0.06796875 0.009375 0.0046875
0 0.353125 0.0671875 0.01015625 0.0078125
0 0.66796875 0.5515625 0.00546875 0.00234375
0 0.65859375 0.5546875 0.00390625 0.003125
0 0.62265625 0.56640625 0.003125 0.003125
0 0.62734375 0.57109375 0.0046875 0.00234375
0 0.62578125 0.57890625 0.00390625 0.00234375
0 0.62578125 0.58203125 0.00390625 0.0015625
0 0.67734375 0.565625 0.00390625 0.00234375
0 0.7046875 0.54765625 0.003125 0.00234375
0 0.3953125 0.1734375 0.00390625 0.00625