0 0.06328125 0.053125 0.03359375 0.0328125
0 0.10546875 0.0734375 0.01953125 0.021875
0 0.1875 0.11796875 0.01953125 0.0171875
0 0.30859375 0.153125 0.04609375 0.03671875
0 0.23828125 0.15546875 0.03046875 0.02734375
0 0.5421875 0.2265625 0.0359375 0.021875
0 0.3 0.20234375 0.02890625 0.0296875
0 0.3984375 0.171875 0.03046875 0.028125
0 0.91796875 0.21640625 0.0265625 0.03125
0 0.390625 0.3375 0.01875 0.015625
0 0.4921875 0.33515625 0.02734375 0.00859375
0 0.45078125 0.3921875 0.01875 0.0140625
0 0.47265625 0.3984375 0.01171875 0.0140625
0 0.33203125 0.18671875 0.0125 0.01171875
0 0.23828125 0.2125 0.02421875 0.0171875
0 0.23046875 0.18203125 0.01328125 0.0109375
0 0.26640625 0.16015625 0.01796875 0.01953125
0 0.353125 0.20234375 0.0140625 0.01015625
0 0.35390625 0.17578125 0.00390625 0.00546875
0 0.35234375 0.16171875 0.00703125 0.0046875
0 0.3734375 0.1734375 0.00859375 0.00859375
0 0.384375 0.20390625 0.00625 0.00390625
0 0.43828125 0.18828125 0.00859375 0.00390625
0 0.24140625 0.11875 0.01484375 0.009375
0 0.2078125 0.140625 0.0140625 0.02421875
0 0.2265625 0.1296875 0.009375 0.0171875
0 0.25859375 0.04296875 0.0171875 0.01015625
0 0.2609375 0.05546875 0.015625 0.01015625
0 0.08671875 0.1125 0.0171875 0.01015625
0 0.15078125 0.05078125 0.009375 0.0046875
0 0.12421875 0.03359375 0.0078125 0.0046875
0 0.15546875 0.07734375 0.009375 0.009375
0 0.084375 0.06015625 0.0078125 0.00859375
0 0.10234375 0.12265625 0.0125 0.0109375
0 0.178125 0.134375 0.0109375 0.01015625
0 0.24140625 0.06484375 0.01171875 0.009375
0 0.20703125 0.0765625 0.0109375 0.00859375
0 0.203125 0.221875 0.0046875 0.00625
0 0.38046875 0.221875 0.01328125 0.00859375
0 0.26484375 0.23359375 0.0046875 0.00859375
0 0.20625 0.2625 0.0046875 0.00546875
0 0.4140625 0.14296875 0.00546875 0.00703125
0 0.371875 0.12265625 0.0078125 0.009375
0 0.440625 0.1125 0.00625 0.009375
0 0.3296875 0.10390625 0.00859375 0.01015625
0 0.3515625 0.1375 0.00703125 0.00703125
0 0.36640625 0.140625 0.00234375 0.00390625
0 0.25859375 0.1921875 0.00703125 0.009375
0 0.85078125 0.19296875 0.01171875 0.00859375
0 0.80859375 0.27109375 0.0109375 0.0125
0 0.78828125 0.1453125 0.00859375 0.0078125
0 0.828125 0.20546875 0.0078125 0.003125