0 0.44453125 0.6796875 0.0125 0.009375
0 0.4796875 0.6703125 0.00546875 0.00625
0 0.47578125 0.69453125 0.01171875 0.0078125
0 0.50390625 0.684375 0.01796875 0.01171875
0 0.49140625 0.7171875 0.00390625 0.00234375
0 0.49140625 0.71171875 0.0046875 0.00234375
0 0.49765625 0.71484375 0.003125 0.003125
0 0.534375 0.69609375 0.01015625 0.00703125
0 0.55703125 0.6703125 0.0140625 0.00859375
0 0.55859375 0.6328125 0.01171875 0.009375
0 0.56796875 0.63828125 0.0078125 0.00390625
0 0.58828125 0.6671875 0.01015625 0.00703125
0 0.6140625 0.66171875 0.01328125 0.009375
0 0.525 0.71328125 0.00234375 0.0015625
0 0.5421875 0.7046875 0.003125 0.0015625
0 0.53828125 0.7046875 0.0015625 0.00078125
0 0.54140625 0.7015625 0.00234375 0.0015625
0 0.54453125 0.7015625 0.0015625 0.0015625
0 0.56796875 0.69609375 0.00234375 0.00234375
0 0.5515625 0.69296875 0.00234375 0.0015625
0 0.56171875 0.696875 0.00390625 0.003125
0 0.56953125 0.69296875 0.0078125 0.003125
0 0.57578125 0.6921875 0.003125 0.0015625
0 0.58359375 0.690625 0.0109375 0.00703125
0 0.58828125 0.6828125 0.009375 0.00703125
0 0.60546875 0.67734375 0.02109375 0.01640625
0 0.62265625 0.67421875 0.0109375 0.0109375
0 0.6453125 0.65546875 0.00390625 0.003125
0 0.63984375 0.65234375 0.003125 0.003125
0 0.6484375 0.64921875 0.01015625 0.00390625
0 0.64765625 0.6296875 0.01796875 0.01171875
0 0.68125 0.62421875 0.015625 0.01015625
0 0.66796875 0.64140625 0.01484375 0.0171875
0 0.7703125 0.44921875 0.0078125 0.01015625
0 0.76796875 0.45625 0.003125 0.0015625
0 0.75234375 0.45625 0.003125 0.003125
0 0.746875 0.4453125 0.00390625 0.0015625
0 0.759375 0.43828125 0.00390625 0.00234375
0 0.76796875 0.4359375 0.003125 0.00234375
0 0.61875 0.428125 0.0171875 0.0125
0 0.5375 0.09296875 0.01171875 0.00390625
0 0.54375 0.09765625 0.00234375 0.00234375
0 0.4328125 0.26953125 0.01015625 0.00625
0 0.40078125 0.08046875 0.00390625 0.00234375
0 0.40234375 0.10078125 0.00234375 0.003125
0 0.409375 0.10078125 0.00234375 0.0015625
0 0.41171875 0.090625 0.00546875 0.003125
0 0.4140625 0.09609375 0.00546875 0.00625
0 0.42265625 0.08828125 0.003125 0.00234375
0 0.425 0.09375 0.00234375 0.00234375