0 0.55703125 0.1375 0.0171875 0.01171875
0 0.553125 0.12578125 0.0109375 0.009375
0 0.45703125 0.1015625 0.01640625 0.0140625
0 0.51875 0.075 0.0171875 0.0109375
0 0.55078125 0.078125 0.0140625 0.0078125
0 0.58828125 0.090625 0.01796875 0.0109375
0 0.65703125 0.096875 0.01953125 0.0171875
0 0.63359375 0.06953125 0.0125 0.00859375
0 0.696875 0.0984375 0.0140625 0.009375
0 0.71796875 0.13203125 0.0140625 0.0109375
0 0.671875 0.12734375 0.0109375 0.0078125
0 0.41640625 0.09453125 0.01484375 0.01484375
0 0.44140625 0.08515625 0.01953125 0.0125
0 0.44921875 0.071875 0.00859375 0.00390625
0 0.35625 0.7328125 0.0046875 0.00390625
0 0.35625 0.73828125 0.0046875 0.00234375
0 0.38203125 0.7328125 0.003125 0.00234375
0 0.37578125 0.73203125 0.00390625 0.00234375
0 0.36953125 0.73359375 0.003125 0.00234375
0 0.36640625 0.73984375 0.00390625 0.0046875
0 0.3671875 0.7359375 0.00546875 0.003125
0 0.371875 0.75078125 0.00234375 0.0015625
0 0.346875 0.75390625 0.00234375 0.0015625
0 0.3703125 0.7546875 0.00234375 0.00234375
0 0.44765625 0.57421875 0.01953125 0.0109375
0 0.35546875 0.3515625 0.0203125 0.01640625
0 0.22578125 0.2640625 0.00703125 0.0046875
0 0.2078125 0.25859375 0.0046875 0.00234375
0 0.1953125 0.28125 0.003125 0.00234375
0 0.20234375 0.26875 0.00625 0.00625
0 0.20703125 0.28203125 0.0046875 0.00234375
0 0.225 0.2796875 0.003125 0.00234375
0 0.20234375 0.2640625 0.003125 0.0046875
0 0.203125 0.259375 0.0046875 0.00234375
0 0.1953125 0.27109375 0.00234375 0.0015625