0 0.30859375 0.353125 0.0421875 0.0234375
0 0.38671875 0.3546875 0.0421875 0.0171875
0 0.378125 0.375 0.0171875 0.00703125
0 0.221875 0.26875 0.03125 0.01484375
0 0.2625 0.28046875 0.01015625 0.00703125
0 0.25390625 0.28671875 0.00625 0.00390625
0 0.27890625 0.25 0.01015625 0.00703125
0 0.234375 0.24453125 0.025 0.01953125
0 0.2875 0.159375 0.01171875 0.00625
0 0.29375 0.19609375 0.009375 0.0046875
0 0.13515625 0.278125 0.0109375 0.00625
0 0.15625 0.2875 0.021875 0.0109375
0 0.1234375 0.309375 0.015625 0.0125
0 0.13125 0.34296875 0.0453125 0.03359375
0 0.178125 0.346875 0.021875 0.0171875
0 0.12734375 0.3703125 0.01484375 0.01015625
0 0.13671875 0.390625 0.02265625 0.0109375
0 0.18125 0.359375 0.0265625 0.00546875
0 0.203125 0.4265625 0.0109375 0.01015625
0 0.18125 0.4421875 0.00703125 0.003125
0 0.4125 0.23125 0.01875 0.009375
0 0.40625 0.21328125 0.01484375 0.00546875
0 0.4453125 0.234375 0.01953125 0.0078125
0 0.425 0.24765625 0.0078125 0.0046875
0 0.353125 0.2703125 0.01171875 0.0046875
0 0.3453125 0.3140625 0.01171875 0.00703125
0 0.37890625 0.15 0.0140625 0.009375
0 0.5953125 0.103125 0.01015625 0.00390625
0 0.1765625 0.31171875 0.0109375 0.00859375