0 0.390625 0.10703125 0.01640625 0.01640625
0 0.278125 0.05625 0.00703125 0.00859375
0 0.28125 0.10625 0.0078125 0.01171875
0 0.36171875 0.1078125 0.01171875 0.0078125
0 0.2890625 0.12109375 0.01015625 0.0078125
0 0.46953125 0.11328125 0.0046875 0.009375
0 0.50703125 0.1171875 0.01328125 0.0125
0 0.44609375 0.1625 0.02109375 0.0125
0 0.43359375 0.1203125 0.01640625 0.01953125
0 0.440625 0.09609375 0.01171875 0.00859375
0 0.49140625 0.13359375 0.03203125 0.0125
0 0.4796875 0.1484375 0.0171875 0.009375
0 0.55078125 0.15 0.01484375 0.01171875
0 0.4046875 0.17265625 0.00859375 0.003125
0 0.42265625 0.146875 0.01640625 0.0078125
0 0.46484375 0.1390625 0.0171875 0.00546875
0 0.5171875 0.18671875 0.01015625 0.00625
0 0.50390625 0.14609375 0.01328125 0.00859375
0 0.3640625 0.23046875 0.03828125 0.0140625
0 0.27109375 0.2453125 0.021875 0.0171875
0 0.30078125 0.27265625 0.02734375 0.01171875
0 0.3046875 0.25703125 0.01640625 0.01484375
0 0.56640625 0.2453125 0.02734375 0.01640625
0 0.52265625 0.2640625 0.0140625 0.0125
0 0.61640625 0.271875 0.0125 0.0171875
0 0.6109375 0.1828125 0.0171875 0.0078125
0 0.571875 0.2046875 0.009375 0.01171875
0 0.40078125 0.28203125 0.01171875 0.00625
0 0.4859375 0.425 0.0171875 0.01953125
0 0.5171875 0.409375 0.02578125 0.01171875
0 0.56640625 0.42734375 0.0140625 0.0125
0 0.78203125 0.396875 0.02421875 0.01640625
0 0.73203125 0.31953125 0.0078125 0.00859375
0 0.57890625 0.3046875 0.0125 0.01328125
0 0.6875 0.3625 0.0046875 0.009375
0 0.5265625 0.29453125 0.0125 0.01171875
0 0.584375 0.15078125 0.0109375 0.0109375
0 0.75625 0.421875 0.00625 0.00625
0 0.75390625 0.37890625 0.00234375 0.003125
0 0.59453125 0.27265625 0.015625 0.00625
0 0.3359375 0.4875 0.01953125 0.0078125
0 0.46484375 0.32265625 0.0078125 0.0109375
0 0.33046875 0.25703125 0.0078125 0.01640625
0 0.33828125 0.221875 0.00546875 0.01171875