0 0.11484375 0.4421875 0.025 0.0125
0 0.1484375 0.51015625 0.0078125 0.00625
0 0.11484375 0.4203125 0.01796875 0.01015625
0 0.16875 0.39453125 0.0171875 0.0125
0 0.16953125 0.4078125 0.02109375 0.00703125
0 0.12734375 0.409375 0.01640625 0.00703125
0 0.09375 0.39921875 0.01640625 0.0109375
0 0.12265625 0.37890625 0.04609375 0.03359375
0 0.090625 0.38125 0.0140625 0.009375
0 0.090625 0.38984375 0.00625 0.00546875
0 0.2984375 0.40078125 0.04296875 0.03203125
0 0.37890625 0.4046875 0.04375 0.01640625
0 0.36796875 0.43203125 0.01953125 0.00859375
0 0.11953125 0.3453125 0.01796875 0.01328125
0 0.1359375 0.3109375 0.01328125 0.00546875
0 0.22578125 0.3015625 0.0265625 0.01484375
0 0.26328125 0.31640625 0.01328125 0.0078125
0 0.2546875 0.32265625 0.00546875 0.0046875
0 0.2984375 0.30234375 0.00625 0.00390625
0 0.2375 0.2734375 0.03125 0.02265625
0 0.2859375 0.28046875 0.009375 0.00625
0 0.309375 0.21875 0.00859375 0.0046875
0 0.30703125 0.17578125 0.0109375 0.00703125
0 0.4046875 0.165625 0.015625 0.00703125
0 0.4234375 0.240625 0.01484375 0.00703125
0 0.428125 0.2625 0.015625 0.0078125
0 0.46015625 0.26640625 0.02109375 0.009375
0 0.4375 0.28046875 0.00859375 0.00546875
0 0.35859375 0.3078125 0.01328125 0.0046875
0 0.34375 0.35625 0.0140625 0.00625
0 0.64140625 0.1109375 0.01328125 0.0078125