0 0.5625 0.31484375 0.01796875 0.0125
0 0.484375 0.2828125 0.02265625 0.0140625
0 0.35703125 0.20859375 0.02265625 0.003125
0 0.3265625 0.20546875 0.009375 0.0046875
0 0.5046875 0.27109375 0.01015625 0.0109375
0 0.53828125 0.278125 0.02109375 0.00859375
0 0.70234375 0.47890625 0.0234375 0.01640625
0 0.4171875 0.225 0.01015625 0.00625
0 0.68046875 0.45234375 0.01171875 0.00546875
0 0.6890625 0.4640625 0.01640625 0.00859375
0 0.7078125 0.4578125 0.00625 0.0046875
0 0.725 0.4640625 0.00546875 0.0046875
0 0.31796875 0.22421875 0.0046875 0.0046875