0 0.48046875 0.30234375 0.02578125 0.0171875
0 0.53046875 0.3359375 0.01796875 0.0203125
0 0.509375 0.3703125 0.03671875 0.0265625
0 0.48515625 0.40078125 0.02265625 0.01640625
0 0.5296875 0.4046875 0.02578125 0.01796875
0 0.57890625 0.34375 0.0078125 0.0046875
0 0.57421875 0.378125 0.0140625 0.009375
0 0.5046875 0.44375 0.02109375 0.015625
0 0.4265625 0.29453125 0.02265625 0.03046875
0 0.47578125 0.22890625 0.02578125 0.0171875
0 0.48203125 0.2625 0.02109375 0.01875
0 0.4375 0.2625 0.0203125 0.01328125
0 0.425 0.1890625 0.025 0.01875
0 0.5046875 0.16171875 0.03125 0.015625
0 0.465625 0.17421875 0.01484375 0.01015625
0 0.4671875 0.1953125 0.0046875 0.0046875
0 0.5203125 0.22890625 0.0140625 0.00703125
0 0.4953125 0.22734375 0.0046875 0.015625
0 0.53828125 0.2671875 0.01015625 0.00625
0 0.54765625 0.309375 0.00703125 0.01015625
0 0.56640625 0.38671875 0.01171875 0.0046875
0 0.578125 0.38671875 0.00546875 0.0046875
0 0.465625 0.10390625 0.01953125 0.021875
0 0.29453125 0.23125 0.01640625 0.01171875