0 0.0890625 0.384375 0.00390625 0.003125
0 0.10546875 0.38125 0.0046875 0.00234375
0 0.10703125 0.37578125 0.003125 0.00234375
0 0.1140625 0.37578125 0.00234375 0.00234375
0 0.1140625 0.38125 0.0078125 0.00234375
0 0.11953125 0.3828125 0.003125 0.0015625
0 0.11796875 0.38515625 0.0015625 0.0015625
0 0.35078125 0.396875 0.01015625 0.00625
0 0.58359375 0.31640625 0.0140625 0.01015625
0 0.6234375 0.2453125 0.0140625 0.0046875
0 0.63125 0.24765625 0.00234375 0.00234375
0 0.6296875 0.25703125 0.003125 0.003125
0 0.60859375 0.24453125 0.0046875 0.003125
0 0.6109375 0.24921875 0.00390625 0.00234375
0 0.61796875 0.2546875 0.00234375 0.0015625
0 0.84609375 0.35625 0.01171875 0.009375
0 0.85390625 0.34921875 0.00703125 0.0046875
0 0.89765625 0.3515625 0.01015625 0.00703125
0 0.89140625 0.3359375 0.00859375 0.00546875
0 0.88046875 0.32265625 0.0125 0.00546875
0 0.83828125 0.3109375 0.01328125 0.00546875
0 0.9328125 0.3640625 0.00859375 0.0046875
0 0.921875 0.3828125 0.01640625 0.01015625
0 0.903125 0.4 0.00859375 0.0046875
0 0.9375 0.4 0.009375 0.00625
0 0.91796875 0.42421875 0.01328125 0.009375
0 0.95859375 0.390625 0.003125 0.0015625
0 0.965625 0.39375 0.003125 0.0015625
0 0.96171875 0.3890625 0.00390625 0.0015625
0 0.82890625 0.28984375 0.0078125 0.00390625
0 0.84765625 0.296875 0.01171875 0.00625
0 0.84375 0.303125 0.01171875 0.00390625