0 0.4078125 0.05234375 0.01640625 0.02265625
0 0.35 0.09140625 0.0125 0.01796875
0 0.34765625 0.32890625 0.03203125 0.04375
0 0.3328125 0.26171875 0.02421875 0.028125
0 0.36015625 0.203125 0.0109375 0.015625
0 0.44140625 0.25546875 0.0125 0.01953125
0 0.3953125 0.09765625 0.01640625 0.0265625
0 0.31171875 0.2609375 0.01640625 0.01328125
0 0.3015625 0.57578125 0.01875 0.0203125
0 0.35625 0.92890625 0.021875 0.03046875
0 0.3765625 0.85625 0.0125 0.01328125
0 0.2984375 0.8390625 0.01171875 0.01328125
0 0.12890625 0.54453125 0.01171875 0.01796875
0 0.18125 0.4515625 0.01328125 0.01328125
0 0.1953125 0.5453125 0.00625 0.01328125
0 0.3328125 0.42265625 0.01796875 0.03828125
0 0.29453125 0.33125 0.0171875 0.01484375
0 0.30390625 0.3890625 0.0125 0.00859375
0 0.31640625 0.36171875 0.009375 0.01796875
0 0.3046875 0.25703125 0.0125 0.01796875
0 0.278125 0.271875 0.009375 0.0203125
0 0.3390625 0.29296875 0.0234375 0.01328125
0 0.43203125 0.2625 0.01171875 0.02421875
0 0.41875 0.15 0.00390625 0.015625
0 0.34453125 0.19296875 0.00859375 0.00703125
0 0.34765625 0.22578125 0.0140625 0.015625
0 0.3578125 0.24453125 0.01953125 0.009375
0 0.4171875 0.24453125 0.0078125 0.0078125
0 0.3984375 0.1578125 0.00625 0.01171875
0 0.41875 0.034375 0.00703125 0.015625
0 0.34609375 0.1109375 0.0125 0.01171875