0 0.09296875 0.50078125 0.01484375 0.00859375
0 0.08515625 0.525 0.01171875 0.0078125
0 0.1234375 0.5140625 0.00859375 0.00546875
0 0.1140625 0.53515625 0.01796875 0.0125
0 0.11484375 0.56015625 0.01015625 0.00546875
0 0.16484375 0.55703125 0.015625 0.01015625
0 0.215625 0.546875 0.0078125 0.0046875
0 0.21953125 0.53984375 0.01796875 0.0078125
0 0.1859375 0.5765625 0.0140625 0.00703125
0 0.2234375 0.56171875 0.003125 0.003125
0 0.2109375 0.58984375 0.01796875 0.00859375
0 0.27734375 0.59296875 0.0203125 0.01015625
0 0.2765625 0.60859375 0.021875 0.015625
0 0.3046875 0.60625 0.01953125 0.01640625
0 0.0703125 0.55234375 0.0046875 0.003125
0 0.0640625 0.55 0.00390625 0.00390625
0 0.071875 0.54609375 0.00546875 0.003125
0 0.17265625 0.59453125 0.04765625 0.021875
0 0.603125 0.54375 0.01796875 0.01171875
0 0.58515625 0.54140625 0.0046875 0.0046875
0 0.59296875 0.52578125 0.00625 0.003125
0 0.61171875 0.52890625 0.00703125 0.00390625
0 0.621875 0.5328125 0.00625 0.003125
0 0.5265625 0.440625 0.01484375 0.00859375
0 0.58046875 0.24609375 0.00703125 0.00625
0 0.73359375 0.1328125 0.00234375 0.0015625
0 0.7390625 0.13515625 0.003125 0.00234375
0 0.74609375 0.1359375 0.00390625 0.00234375
0 0.75234375 0.13203125 0.003125 0.003125
0 0.75859375 0.1390625 0.003125 0.00234375
0 0.7625 0.13515625 0.003125 0.003125
0 0.753125 0.12109375 0.00390625 0.00234375