0 0.490625 0.4234375 0.0328125 0.0203125
0 0.4015625 0.61015625 0.0328125 0.021875
0 0.56953125 0.7125 0.02734375 0.0203125
0 0.66640625 0.7828125 0.053125 0.021875
0 0.41484375 0.7515625 0.03515625 0.02421875
0 0.42421875 0.725 0.03125 0.02265625
0 0.73203125 0.56640625 0.03671875 0.0296875
0 0.6671875 0.6203125 0.04296875 0.021875
0 0.3890625 0.54765625 0.0234375 0.0140625
0 0.45234375 0.553125 0.01953125 0.0125
0 0.45703125 0.58984375 0.02578125 0.01953125
0 0.20703125 0.37734375 0.0234375 0.01875
0 0.28359375 0.1921875 0.0234375 0.01484375
0 0.15859375 0.453125 0.0296875 0.01875
0 0.33984375 0.5796875 0.04140625 0.02421875
0 0.45546875 0.43828125 0.02578125 0.015625
0 0.46953125 0.684375 0.025 0.01796875
0 0.6 0.771875 0.0375 0.015625
0 0.80546875 0.76328125 0.0375 0.0390625
0 0.51875 0.75234375 0.0609375 0.0234375
0 0.78125 0.59296875 0.02578125 0.01796875
0 0.40078125 0.42734375 0.0234375 0.0203125
0 0.3703125 0.71875 0.021875 0.01484375