0 0.13046875 0.20703125 0.01328125 0.00859375
0 0.26328125 0.32265625 0.01640625 0.01015625
0 0.30625 0.3703125 0.0234375 0.01015625
0 0.3078125 0.3546875 0.00703125 0.00390625
0 0.40078125 0.35703125 0.00625 0.00390625
0 0.40546875 0.3546875 0.0046875 0.00234375
0 0.5265625 0.36875 0.04296875 0.01796875
0 0.49765625 0.3671875 0.0125 0.00546875
0 0.521875 0.35234375 0.0109375 0.00546875
0 0.56171875 0.3359375 0.00703125 0.0046875
0 0.58125 0.36875 0.02578125 0.0140625
0 0.59296875 0.34765625 0.01328125 0.0078125
0 0.60703125 0.34921875 0.009375 0.00546875
0 0.71328125 0.3984375 0.021875 0.0125
0 0.7328125 0.36640625 0.0171875 0.015625
0 0.66796875 0.38203125 0.0109375 0.00625
0 0.7125 0.30390625 0.03515625 0.01640625
0 0.70546875 0.26953125 0.028125 0.01875
0 0.740625 0.265625 0.0234375 0.01171875
0 0.40390625 0.38125 0.0078125 0.0046875
0 0.42421875 0.29609375 0.0109375 0.0109375
0 0.471875 0.284375 0.0125 0.00703125
0 0.4765625 0.26875 0.01875 0.01171875