0 0.4203125 0.5984375 0.00390625 0.00234375
0 0.36328125 0.61015625 0.003125 0.00234375
0 0.43203125 0.58046875 0.003125 0.00234375
0 0.421875 0.59140625 0.00546875 0.00390625
0 0.43046875 0.58515625 0.003125 0.0015625
0 0.54296875 0.5546875 0.0109375 0.00703125
0 0.7125 0.41640625 0.015625 0.0109375
0 0.7484375 0.3796875 0.00703125 0.00546875
0 0.77890625 0.36953125 0.01953125 0.01640625
0 0.7328125 0.321875 0.00703125 0.00546875
0 0.6234375 0.328125 0.01328125 0.0078125
0 0.59921875 0.2984375 0.015625 0.00703125
0 0.571875 0.30078125 0.01640625 0.0109375
0 0.784375 0.30546875 0.00390625 0.0046875
0 0.7171875 0.29609375 0.003125 0.00234375
0 0.69296875 0.25546875 0.01015625 0.00859375
0 0.7265625 0.24609375 0.0296875 0.02109375
0 0.71171875 0.21640625 0.02109375 0.0140625
0 0.66328125 0.23515625 0.0078125 0.00703125
0 0.675 0.2109375 0.0109375 0.01328125
0 0.609375 0.2296875 0.01015625 0.00546875
0 0.51796875 0.1328125 0.01484375 0.0140625
0 0.5296875 0.153125 0.0265625 0.01875
0 0.58515625 0.146875 0.0296875 0.021875
0 0.76875 0.19375 0.01171875 0.0078125
0 0.7453125 0.16015625 0.00703125 0.00546875
0 0.7109375 0.1328125 0.0375 0.021875
0 0.67109375 0.13203125 0.01015625 0.00703125
0 0.66484375 0.08671875 0.01484375 0.01015625
0 0.6453125 0.08125 0.00859375 0.00625
0 0.59453125 0.05703125 0.009375 0.00546875
0 0.71171875 0.11171875 0.009375 0.0078125
0 0.72265625 0.11640625 0.00546875 0.00390625
0 0.73203125 0.12265625 0.00703125 0.00625
0 0.74375 0.11328125 0.0046875 0.00390625
0 0.74765625 0.1203125 0.003125 0.003125
0 0.74375 0.121875 0.00234375 0.0015625
0 0.7359375 0.12890625 0.00234375 0.0015625
0 0.7390625 0.13046875 0.00234375 0.00234375
0 0.66015625 0.11875 0.00625 0.00546875
0 0.66875 0.11875 0.00546875 0.0046875
0 0.62734375 0.14375 0.003125 0.00390625
0 0.6421875 0.128125 0.00390625 0.00234375
0 0.6 0.06796875 0.003125 0.00390625
0 0.56640625 0.075 0.003125 0.00234375
0 0.49296875 0.278125 0.00390625 0.003125
0 0.496875 0.28125 0.003125 0.00234375
0 0.759375 0.309375 0.0046875 0.003125
0 0.76875 0.34921875 0.0046875 0.003125