0 0.596875 0.521875 0.0234375 0.01640625
0 0.61640625 0.53984375 0.0140625 0.0109375
0 0.5984375 0.571875 0.01484375 0.009375
0 0.24375 0.6484375 0.0171875 0.0109375
0 0.53515625 0.69296875 0.0265625 0.0171875
0 0.64375 0.71015625 0.02734375 0.02421875
0 0.7375 0.57421875 0.0125 0.00703125
0 0.8015625 0.56328125 0.02734375 0.015625
0 0.775 0.58828125 0.0359375 0.02734375
0 0.7828125 0.53515625 0.01953125 0.009375
0 0.7421875 0.54296875 0.00859375 0.00546875
0 0.7953125 0.44375 0.0234375 0.0265625
0 0.75 0.41171875 0.03125 0.0171875
0 0.77109375 0.39453125 0.0109375 0.0078125
0 0.11171875 0.3890625 0.0125 0.00625
0 0.1296875 0.325 0.0078125 0.00546875
0 0.39296875 0.3 0.0296875 0.01484375
0 0.63203125 0.30546875 0.040625 0.028125
0 0.54140625 0.3109375 0.034375 0.02265625
0 0.56640625 0.2828125 0.0078125 0.00703125
0 0.59453125 0.28828125 0.00859375 0.00703125
0 0.6140625 0.2640625 0.0171875 0.01484375
0 0.66484375 0.28203125 0.01875 0.01015625
0 0.68828125 0.2765625 0.028125 0.025
0 0.7265625 0.3 0.0515625 0.0296875
0 0.84296875 0.3421875 0.01640625 0.009375
0 0.8296875 0.3046875 0.02890625 0.015625
0 0.896875 0.35234375 0.0421875 0.03046875
0 0.9078125 0.55625 0.0234375 0.015625
0 0.91953125 0.396875 0.01484375 0.00703125
0 0.9046875 0.40234375 0.0109375 0.0078125
0 0.92734375 0.4421875 0.01328125 0.01015625
0 0.88359375 0.48984375 0.02890625 0.01875
0 0.93515625 0.45859375 0.01796875 0.01328125
0 0.92734375 0.48203125 0.03359375 0.015625
0 0.925 0.51875 0.05078125 0.04296875