0 0.3625 0.4046875 0.02421875 0.01328125
0 0.4390625 0.3875 0.0296875 0.01328125
0 0.50625 0.41796875 0.025 0.01171875
0 0.54296875 0.4171875 0.01796875 0.01171875
0 0.58359375 0.4234375 0.01796875 0.0171875
0 0.6296875 0.3953125 0.0109375 0.009375
0 0.66328125 0.41328125 0.02578125 0.01640625
0 0.7015625 0.40546875 0.01328125 0.01328125
0 0.6859375 0.43515625 0.009375 0.00859375
0 0.7359375 0.428125 0.01875 0.01015625
0 0.5609375 0.4578125 0.02890625 0.01484375
0 0.5265625 0.4453125 0.01171875 0.0078125
0 0.4453125 0.44453125 0.02265625 0.01640625
0 0.18984375 0.37734375 0.01171875 0.01875
0 0.45625 0.5296875 0.009375 0.0046875
0 0.5078125 0.4046875 0.02265625 0.01171875
0 0.64609375 0.36796875 0.0140625 0.00546875
0 0.60390625 0.3828125 0.0109375 0.00859375
0 0.69140625 0.37265625 0.0046875 0.00390625
0 0.69140625 0.38203125 0.01015625 0.00390625
0 0.5140625 0.3890625 0.01484375 0.00703125
0 0.56171875 0.38125 0.0171875 0.00625
0 0.5671875 0.3921875 0.02265625 0.00703125
0 0.5328125 0.39453125 0.0078125 0.0125
0 0.534375 0.40703125 0.01640625 0.00390625
0 0.4453125 0.4140625 0.01328125 0.01171875
0 0.4609375 0.4109375 0.00703125 0.00546875
0 0.546875 0.38125 0.0078125 0.0046875
0 0.58515625 0.38515625 0.003125 0.00234375
0 0.6109375 0.36875 0.00703125 0.0046875
0 0.49453125 0.3953125 0.00859375 0.00390625
0 0.496875 0.390625 0.01015625 0.0046875
0 0.52265625 0.4078125 0.00390625 0.0078125
0 0.55 0.38984375 0.00703125 0.00546875
0 0.62109375 0.3796875 0.003125 0.00625
0 0.68203125 0.375 0.0046875 0.00625
0 0.7109375 0.35859375 0.00390625 0.003125
0 0.70625 0.34765625 0.003125 0.003125
0 0.578125 0.37734375 0.0046875 0.003125
0 0.525 0.4 0.00546875 0.00390625
0 0.5421875 0.40078125 0.00703125 0.00703125