0 0.5078125 0.32890625 0.02109375 0.028125
0 0.59921875 0.35234375 0.028125 0.0125
0 0.57734375 0.38125 0.01953125 0.01796875
0 0.60546875 0.4140625 0.0234375 0.01796875
0 0.62265625 0.37421875 0.0203125 0.0140625
0 0.60859375 0.3234375 0.01796875 0.0171875
0 0.55859375 0.3140625 0.01484375 0.01640625
0 0.553125 0.28984375 0.015625 0.01328125
0 0.54140625 0.275 0.01796875 0.009375
0 0.5125 0.2265625 0.01171875 0.0140625
0 0.5609375 0.259375 0.00234375 0.00234375
0 0.56484375 0.26015625 0.0015625 0.0015625
0 0.56953125 0.2609375 0.00234375 0.003125
0 0.59921875 0.2859375 0.00625 0.00390625
0 0.5921875 0.2875 0.0015625 0.00234375
0 0.60625 0.296875 0.00234375 0.0015625
0 0.58984375 0.28125 0.0046875 0.0015625
0 0.596875 0.28125 0.003125 0.003125
0 0.559375 0.2703125 0.00390625 0.0015625
0 0.559375 0.26640625 0.003125 0.0015625
0 0.52734375 0.25 0.0046875 0.00390625
0 0.4984375 0.2671875 0.01015625 0.003125
0 0.4875 0.2703125 0.009375 0.0078125
0 0.65625 0.3515625 0.0046875 0.003125
0 0.65078125 0.35625 0.00390625 0.003125
0 0.6625 0.35703125 0.00625 0.003125
0 0.6875 0.36640625 0.00234375 0.00234375
0 0.65078125 0.33046875 0.0046875 0.003125
0 0.6265625 0.31640625 0.003125 0.00234375
0 0.60078125 0.30859375 0.003125 0.0015625
0 0.5953125 0.29140625 0.00234375 0.00390625
0 0.603125 0.29140625 0.00234375 0.00234375
0 0.6359375 0.303125 0.003125 0.00390625
0 0.57890625 0.26796875 0.0046875 0.00234375
0 0.52890625 0.26015625 0.00546875 0.00390625
0 0.525 0.2546875 0.00390625 0.00234375
0 0.55703125 0.25546875 0.0046875 0.00390625
0 0.56484375 0.26328125 0.00390625 0.003125
0 0.5703125 0.265625 0.00390625 0.0015625
0 0.6125 0.29609375 0.00234375 0.0015625
0 0.5125 0.30234375 0.00390625 0.0046875
0 0.52109375 0.26484375 0.00234375 0.0015625
0 0.5375 0.2625 0.00234375 0.00234375
0 0.5546875 0.26953125 0.003125 0.003125
0 0.57578125 0.27421875 0.003125 0.00234375
0 0.58125 0.27265625 0.003125 0.0046875
0 0.53359375 0.2546875 0.00625 0.00546875
0 0.6046875 0.48046875 0.0078125 0.00390625
0 0.659375 0.43984375 0.00234375 0.00390625