0 0.48671875 0.11953125 0.015625 0.0140625
0 0.475 0.14375 0.0125 0.00703125
0 0.51796875 0.165625 0.0140625 0.0125
0 0.5625 0.1875 0.015625 0.0140625
0 0.53359375 0.2203125 0.01875 0.0140625
0 0.57734375 0.26015625 0.021875 0.01171875
0 0.5140625 0.2734375 0.01875 0.01328125
0 0.54375 0.2609375 0.0125 0.00625
0 0.55546875 0.32421875 0.015625 0.0140625
0 0.56953125 0.471875 0.0171875 0.00390625
0 0.5234375 0.19609375 0.0125 0.01328125
0 0.51796875 0.21796875 0.0078125 0.01171875
0 0.48359375 0.0796875 0.01484375 0.0125
0 0.5046875 0.10546875 0.01015625 0.009375
0 0.4671875 0.0984375 0.0140625 0.009375
0 0.43359375 0.11640625 0.0078125 0.0109375
0 0.4484375 0.16640625 0.0109375 0.0078125
0 0.4375 0.14296875 0.00625 0.0046875
0 0.47890625 0.190625 0.00859375 0.00859375
0 0.465625 0.16171875 0.00859375 0.00546875
0 0.48671875 0.18203125 0.00859375 0.00546875
0 0.55859375 0.20546875 0.00625 0.01015625
0 0.49765625 0.2171875 0.0140625 0.009375
0 0.66953125 0.296875 0.0109375 0.01171875
0 0.6796875 0.253125 0.00859375 0.01015625