0 0.81796875 0.60390625 0.034375 0.04375
0 0.78828125 0.56640625 0.0234375 0.015625
0 0.8296875 0.528125 0.02109375 0.01484375
0 0.628125 0.42109375 0.04296875 0.0390625
0 0.68671875 0.43515625 0.05546875 0.03203125
0 0.715625 0.475 0.05078125 0.04375
0 0.6640625 0.3765625 0.01953125 0.02421875
0 0.728125 0.390625 0.01953125 0.01640625
0 0.559375 0.36796875 0.040625 0.025
0 0.4546875 0.2734375 0.02578125 0.02578125
0 0.65546875 0.2359375 0.02421875 0.02109375
0 0.165625 0.21015625 0.02578125 0.0171875
0 0.11796875 0.16328125 0.034375 0.0296875
0 0.61640625 0.52421875 0.03203125 0.03359375