0 0.82421875 0.534375 0.01640625 0.0109375
0 0.87421875 0.52109375 0.01328125 0.00859375
0 0.84140625 0.50234375 0.0109375 0.00703125
0 0.8828125 0.49296875 0.0234375 0.0125
0 0.921875 0.48125 0.0109375 0.0078125
0 0.903125 0.44765625 0.01484375 0.00859375
0 0.85234375 0.425 0.015625 0.0109375
0 0.8671875 0.42265625 0.0078125 0.00625
0 0.92265625 0.4265625 0.0140625 0.0078125
0 0.93359375 0.40625 0.015625 0.0125
0 0.8875 0.41015625 0.00546875 0.003125
0 0.9109375 0.5234375 0.00625 0.0046875
0 0.91875 0.5234375 0.00390625 0.00390625
0 0.91640625 0.53046875 0.00546875 0.00390625
0 0.91328125 0.36875 0.0234375 0.015625
0 0.9375 0.359375 0.01875 0.01171875
0 0.92734375 0.3421875 0.01953125 0.0078125
0 0.94375 0.42109375 0.0203125 0.0140625
0 0.9390625 0.38515625 0.025 0.01171875
0 0.94609375 0.44921875 0.00703125 0.00703125
0 0.94609375 0.4390625 0.01171875 0.0078125
0 0.94375 0.45703125 0.00859375 0.00859375
0 0.93515625 0.484375 0.00703125 0.01171875
0 0.64296875 0.25 0.01796875 0.0125
0 0.778125 0.18671875 0.01875 0.00703125
0 0.78515625 0.1921875 0.003125 0.00234375
0 0.7734375 0.20234375 0.00234375 0.003125
0 0.75859375 0.19453125 0.003125 0.003125
0 0.7609375 0.184375 0.00390625 0.003125
0 0.76328125 0.178125 0.003125 0.00234375
0 0.31796875 0.234375 0.0109375 0.0046875
0 0.09921875 0.115625 0.00625 0.00234375
0 0.11640625 0.11796875 0.00546875 0.0015625
0 0.12421875 0.12265625 0.00703125 0.00859375
0 0.11953125 0.12734375 0.00234375 0.00234375
0 0.12421875 0.1125 0.00234375 0.00234375
0 0.13125 0.115625 0.00390625 0.00234375