0 0.71640625 0.596875 0.01328125 0.00859375
0 0.7546875 0.58984375 0.009375 0.00703125
0 0.73359375 0.57265625 0.00859375 0.00546875
0 0.765625 0.5671875 0.01875 0.01171875
0 0.78203125 0.59296875 0.003125 0.00234375
0 0.7890625 0.5921875 0.003125 0.00234375
0 0.7859375 0.59765625 0.0046875 0.003125
0 0.796875 0.559375 0.009375 0.00703125
0 0.7875 0.5296875 0.01328125 0.00859375
0 0.765625 0.50390625 0.00703125 0.0046875
0 0.75390625 0.5046875 0.01328125 0.01015625
0 0.7828125 0.4953125 0.0046875 0.003125
0 0.8078125 0.51171875 0.01171875 0.00703125
0 0.8203125 0.49453125 0.01328125 0.01015625
0 0.81328125 0.45703125 0.01484375 0.01015625
0 0.83359375 0.4734375 0.015625 0.01484375
0 0.83203125 0.4875 0.0109375 0.009375
0 0.83515625 0.49609375 0.00703125 0.00390625
0 0.82890625 0.5046875 0.01171875 0.01015625
0 0.81953125 0.509375 0.00390625 0.00234375
0 0.82578125 0.51875 0.0109375 0.015625
0 0.82265625 0.53125 0.0078125 0.00234375
0 0.82109375 0.53515625 0.00234375 0.00234375
0 0.81796875 0.54140625 0.00546875 0.00546875
0 0.81640625 0.546875 0.003125 0.003125
0 0.80859375 0.56015625 0.00390625 0.0046875
0 0.80703125 0.5640625 0.003125 0.0015625
0 0.828125 0.4359375 0.01484375 0.01015625
0 0.8328125 0.4546875 0.0203125 0.01328125
0 0.6015625 0.33203125 0.0140625 0.009375
0 0.728125 0.26953125 0.015625 0.00703125
0 0.7125 0.26796875 0.00390625 0.00234375
0 0.715625 0.26015625 0.003125 0.003125
0 0.709375 0.27890625 0.003125 0.00234375
0 0.72265625 0.28515625 0.003125 0.003125
0 0.734375 0.27578125 0.00390625 0.00234375
0 0.3171875 0.31328125 0.00859375 0.00703125
0 0.11171875 0.18828125 0.003125 0.003125
0 0.1296875 0.18984375 0.00390625 0.00234375
0 0.1359375 0.1921875 0.00625 0.00546875
0 0.13828125 0.1984375 0.00234375 0.00234375
0 0.13359375 0.20234375 0.00234375 0.0015625
0 0.1421875 0.1859375 0.003125 0.00234375
0 0.13515625 0.1828125 0.00234375 0.00234375
0 0.22578125 0.12734375 0.01171875 0.0046875
0 0.23515625 0.128125 0.00390625 0.00234375