0 0.4609375 0.3078125 0.02109375 0.01640625
0 0.51875 0.32890625 0.009375 0.009375
0 0.5359375 0.39609375 0.0109375 0.009375
0 0.575 0.40703125 0.025 0.0140625
0 0.57890625 0.38828125 0.01484375 0.015625
0 0.63359375 0.38125 0.015625 0.01171875
0 0.6453125 0.3109375 0.01015625 0.01015625
0 0.44296875 0.33125 0.0140625 0.00859375
0 0.47578125 0.34296875 0.009375 0.00625
0 0.31875 0.290625 0.03828125 0.01953125
0 0.21953125 0.30625 0.0171875 0.01171875
0 0.19609375 0.31484375 0.0125 0.009375
0 0.0953125 0.29921875 0.01328125 0.01015625
0 0.09296875 0.32265625 0.00625 0.00703125
0 0.1390625 0.33046875 0.00703125 0.0046875
0 0.2859375 0.36328125 0.0390625 0.015625
0 0.27578125 0.3921875 0.02578125 0.01796875
0 0.25625 0.30078125 0.01328125 0.01171875
0 0.27109375 0.3 0.00859375 0.0140625
0 0.28359375 0.28828125 0.0140625 0.009375
0 0.3 0.31171875 0.021875 0.01015625
0 0.309375 0.27734375 0.0125 0.00546875
0 0.37578125 0.2765625 0.01171875 0.00703125
0 0.38125 0.26796875 0.01171875 0.00546875
0 0.43515625 0.2796875 0.01640625 0.0078125
0 0.3765625 0.30234375 0.0125 0.00625
0 0.25390625 0.2875 0.0078125 0.009375
0 0.2734375 0.31484375 0.0078125 0.01328125
0 0.2234375 0.3921875 0.01875 0.0078125
0 0.5078125 0.30546875 0.01875 0.01640625
0 0.5265625 0.3 0.0125 0.009375
0 0.53828125 0.26640625 0.0125 0.00859375
0 0.73203125 0.28984375 0.02421875 0.01015625
0 0.74296875 0.3125 0.00703125 0.00546875
0 0.7015625 0.290625 0.00859375 0.00625
0 0.45703125 0.3671875 0.01328125 0.00625
0 0.36796875 0.3703125 0.009375 0.0078125
0 0.2078125 0.2953125 0.009375 0.00703125
0 0.12421875 0.33203125 0.0078125 0.009375
0 0.12890625 0.32265625 0.0109375 0.0046875
0 0.63203125 0.27421875 0.0078125 0.00390625
0 0.59453125 0.31875 0.00390625 0.003125
0 0.5359375 0.32734375 0.0046875 0.00390625
0 0.51875 0.3375 0.00390625 0.0046875
0 0.55703125 0.45234375 0.015625 0.009375
0 0.30078125 0.3359375 0.00390625 0.00234375
0 0.296875 0.34140625 0.00625 0.003125
0 0.15 0.33515625 0.0078125 0.00703125
0 0.25390625 0.315625 0.00625 0.00625
0 0.42890625 0.32890625 0.00703125 0.00390625