0 0.4640625 0.48046875 0.0203125 0.01796875
0 0.41875 0.4890625 0.0171875 0.015625
0 0.38046875 0.45859375 0.01953125 0.01328125
0 0.234375 0.35625 0.01875 0.0171875
0 0.1390625 0.41875 0.015625 0.0125
0 0.20859375 0.48125 0.01171875 0.009375
0 0.1265625 0.49921875 0.01171875 0.009375
0 0.27890625 0.5828125 0.0140625 0.01484375
0 0.24921875 0.65078125 0.02734375 0.021875
0 0.33203125 0.6078125 0.01015625 0.009375
0 0.31484375 0.65078125 0.01796875 0.0171875
0 0.3890625 0.1421875 0.01875 0.01484375
0 0.4296875 0.184375 0.01953125 0.01171875
0 0.60625 0.08359375 0.0078125 0.0078125
0 0.7046875 0.0640625 0.009375 0.00625
0 0.18359375 0.41015625 0.00390625 0.00625
0 0.15234375 0.440625 0.00546875 0.00546875
0 0.19140625 0.45 0.01015625 0.00703125
0 0.221875 0.484375 0.0078125 0.00625
0 0.2046875 0.59140625 0.009375 0.0078125
0 0.215625 0.60078125 0.015625 0.01328125
0 0.1484375 0.71328125 0.0140625 0.009375
0 0.13359375 0.75546875 0.0078125 0.01015625
0 0.2578125 0.75 0.01796875 0.0125
0 0.18984375 0.77734375 0.021875 0.02109375
0 0.33515625 0.815625 0.0234375 0.01875
0 0.48515625 0.74453125 0.01640625 0.01875
0 0.5078125 0.75546875 0.021875 0.01796875
0 0.4796875 0.6671875 0.009375 0.01328125
0 0.60546875 0.709375 0.01796875 0.01171875
0 0.5953125 0.71953125 0.009375 0.01328125
0 0.63046875 0.76328125 0.02109375 0.015625
0 0.41953125 0.7765625 0.00703125 0.00859375
0 0.2390625 0.83046875 0.01640625 0.01015625
0 0.2796875 0.81796875 0.01171875 0.00859375
0 0.2578125 0.87578125 0.01953125 0.01640625
0 0.31171875 0.89140625 0.0265625 0.01796875
0 0.36640625 0.9265625 0.02734375 0.01484375
0 0.4078125 0.9359375 0.01484375 0.01015625
0 0.52421875 0.9515625 0.01953125 0.01640625
0 0.4140625 0.94765625 0.01484375 0.00625
0 0.2171875 0.8515625 0.01328125 0.00859375
0 0.2609375 0.8390625 0.01953125 0.01953125
0 0.31484375 0.8671875 0.0203125 0.02109375
0 0.365625 0.84140625 0.0140625 0.0140625
0 0.42578125 0.5921875 0.01015625 0.0109375
0 0.3171875 0.6625 0.0078125 0.00390625
0 0.2390625 0.60859375 0.00859375 0.00546875
0 0.15546875 0.77109375 0.00546875 0.003125
0 0.24140625 0.81015625 0.0140625 0.009375
0 0.396875 0.81484375 0.0046875 0.0046875
0 0.415625 0.86015625 0.009375 0.009375
0 0.278125 0.83828125 0.01171875 0.01875
0 0.2296875 0.8390625 0.0109375 0.01015625
0 0.17421875 0.82890625 0.00625 0.00625
0 0.16328125 0.7796875 0.0015625 0.00234375
0 0.21171875 0.8 0.00703125 0.003125
0 0.225 0.79453125 0.0109375 0.003125
0 0.2484375 0.8171875 0.03359375 0.00390625
0 0.55078125 0.728125 0.0078125 0.00625
0 0.58828125 0.73515625 0.00859375 0.00703125
0 0.584375 0.725 0.00703125 0.0078125
0 0.63203125 0.74765625 0.00703125 0.00625
0 0.66328125 0.775 0.00703125 0.00703125
0 0.57578125 0.9203125 0.00390625 0.0046875
0 0.39296875 0.94453125 0.01171875 0.00859375
0 0.40078125 0.95390625 0.0109375 0.00625
0 0.5125 0.72734375 0.00859375 0.0078125
0 0.5609375 0.71875 0.0046875 0.00703125
0 0.6359375 0.7265625 0.00546875 0.00859375
0 0.6203125 0.71875 0.00625 0.01171875
0 0.59453125 0.76640625 0.00234375 0.0078125
0 0.484375 0.69921875 0.00703125 0.00625
0 0.46875 0.71953125 0.00625 0.00703125
0 0.47109375 0.75 0.00546875 0.0078125
0 0.490625 0.7609375 0.01015625 0.01015625
0 0.5234375 0.7671875 0.00703125 0.01015625
0 0.2953125 0.83828125 0.00390625 0.0046875
0 0.3109375 0.80546875 0.00390625 0.00546875
0 0.209375 0.83828125 0.00703125 0.00390625
0 0.19375 0.84453125 0.00703125 0.009375
0 0.20390625 0.84453125 0.00546875 0.009375
0 0.45078125 0.9765625 0.009375 0.0078125
0 0.45703125 0.9171875 0.0046875 0.00625
0 0.5265625 0.978125 0.00859375 0.01015625
0 0.640625 0.8421875 0.00546875 0.00703125