0 0.42109375 0.2296875 0.0171875 0.0140625
0 0.3609375 0.3296875 0.01875 0.00546875
0 0.37109375 0.31328125 0.00234375 0.00234375
0 0.3578125 0.31875 0.003125 0.00234375
0 0.38046875 0.33046875 0.00234375 0.00234375
0 0.378125 0.3234375 0.003125 0.003125
0 0.14296875 0.2078125 0.01953125 0.01015625
0 0.10625 0.17421875 0.0109375 0.01015625
0 0.15625 0.146875 0.0140625 0.009375
0 0.146875 0.14921875 0.00546875 0.00390625
0 0.103125 0.15546875 0.009375 0.00703125
0 0.10625 0.13203125 0.0125 0.00859375
0 0.078125 0.11171875 0.009375 0.00703125
0 0.0984375 0.09375 0.01640625 0.01328125
0 0.12421875 0.084375 0.00703125 0.0046875
0 0.09140625 0.0734375 0.009375 0.00703125
0 0.1203125 0.059375 0.01484375 0.00703125
0 0.90546875 0.215625 0.0078125 0.0109375
0 0.8953125 0.215625 0.00703125 0.00390625
0 0.92890625 0.11640625 0.00859375 0.00390625
0 0.9203125 0.11640625 0.009375 0.0046875
0 0.9125 0.11171875 0.003125 0.0015625
0 0.9125 0.10625 0.003125 0.00234375
0 0.921875 0.1265625 0.00390625 0.0015625
0 0.9296875 0.12578125 0.00234375 0.00234375
0 0.9421875 0.1078125 0.003125 0.00234375
0 0.671875 0.11328125 0.0109375 0.00625