0 0.11015625 0.53359375 0.02734375 0.0140625
0 0.125 0.5546875 0.01875 0.0140625
0 0.14375 0.615625 0.00625 0.00390625
0 0.09140625 0.6109375 0.0140625 0.00859375
0 0.28203125 0.4859375 0.0359375 0.03046875
0 0.359375 0.490625 0.04140625 0.01796875
0 0.34765625 0.521875 0.015625 0.01015625
0 0.1546875 0.47734375 0.0203125 0.0125
0 0.1046875 0.5078125 0.01796875 0.01015625
0 0.11484375 0.49453125 0.0140625 0.00625
0 0.084375 0.484375 0.01171875 0.0078125
0 0.07578125 0.46328125 0.00859375 0.00625
0 0.1078125 0.4625 0.0453125 0.0328125
0 0.1046875 0.421875 0.0140625 0.01171875
0 0.15234375 0.4265625 0.0078125 0.009375
0 0.11328125 0.38046875 0.0109375 0.00546875
0 0.2 0.36953125 0.02265625 0.01953125
0 0.24140625 0.3859375 0.0125 0.009375
0 0.2328125 0.39375 0.00625 0.00390625
0 0.27421875 0.3671875 0.0078125 0.00703125
0 0.26171875 0.34140625 0.01015625 0.00703125
0 0.21484375 0.334375 0.02109375 0.0234375
0 0.3328125 0.378125 0.0140625 0.00625
0 0.3203125 0.43359375 0.01328125 0.00625
0 0.4328125 0.32421875 0.02109375 0.01328125
0 0.4 0.31953125 0.01875 0.0109375
0 0.3953125 0.29140625 0.0140625 0.00625
0 0.4109375 0.34296875 0.00625 0.00703125
0 0.28046875 0.2671875 0.0078125 0.0046875
0 0.27578125 0.21640625 0.01171875 0.01015625
0 0.37265625 0.2 0.01328125 0.0078125
0 0.615625 0.12890625 0.01171875 0.00625