0 0.53359375 0.40859375 0.01484375 0.01484375
0 0.31796875 0.36171875 0.01953125 0.015625
0 0.38515625 0.35234375 0.0109375 0.00859375
0 0.15859375 0.49375 0.01171875 0.0109375
0 0.16015625 0.5109375 0.0171875 0.0109375
0 0.1765625 0.5609375 0.01015625 0.0109375
0 0.30859375 0.51328125 0.01640625 0.0109375
0 0.36015625 0.5421875 0.01640625 0.015625
0 0.32734375 0.56796875 0.0125 0.00703125
0 0.16640625 0.46328125 0.01640625 0.01484375
0 0.21875 0.45234375 0.01875 0.0140625
0 0.15 0.53515625 0.02109375 0.01171875
0 0.184375 0.4140625 0.02421875 0.0078125
0 0.1625 0.4375 0.01953125 0.01328125
0 0.18984375 0.42890625 0.02578125 0.0140625
0 0.1890625 0.44453125 0.01640625 0.0140625
0 0.3453125 0.325 0.0203125 0.0140625
0 0.33984375 0.3921875 0.01796875 0.0140625
0 0.20703125 0.37578125 0.01171875 0.01640625
0 0.16171875 0.56796875 0.0171875 0.01328125
0 0.24765625 0.4015625 0.0140625 0.015625
0 0.378125 0.38828125 0.01484375 0.0078125
0 0.53359375 0.35078125 0.009375 0.01328125
0 0.5109375 0.3875 0.0125 0.01484375
0 0.48828125 0.2015625 0.01875 0.015625
0 0.596875 0.21640625 0.0125 0.01328125
0 0.453125 0.27421875 0.0109375 0.01171875
0 0.4 0.23984375 0.015625 0.00703125
0 0.4703125 0.22109375 0.00859375 0.00625
0 0.51875 0.2203125 0.00625 0.01015625
0 0.3078125 0.5015625 0.015625 0.0109375
0 0.36640625 0.475 0.00703125 0.0015625
0 0.4140625 0.4265625 0.01015625 0.00390625
0 0.50390625 0.41796875 0.0109375 0.00625
0 0.20234375 0.35390625 0.00625 0.0046875
0 0.16484375 0.4140625 0.00859375 0.00703125
0 0.1484375 0.45859375 0.009375 0.00859375
0 0.23515625 0.47890625 0.00390625 0.003125
0 0.26953125 0.478125 0.003125 0.00390625
0 0.17734375 0.45390625 0.0046875 0.01796875
0 0.18203125 0.45859375 0.003125 0.00390625