0 0.5453125 0.26015625 0.0171875 0.0109375
0 0.56015625 0.27578125 0.01328125 0.009375
0 0.53671875 0.303125 0.015625 0.0109375
0 0.46640625 0.38671875 0.01171875 0.01015625
0 0.55078125 0.40703125 0.015625 0.0125
0 0.590625 0.3625 0.00703125 0.003125
0 0.228125 0.33828125 0.01328125 0.00703125
0 0.65703125 0.3140625 0.01015625 0.00625
0 0.6859375 0.32890625 0.03046875 0.0203125
0 0.71328125 0.3078125 0.02109375 0.0125
0 0.63046875 0.38203125 0.0078125 0.0046875
0 0.66796875 0.2875 0.00703125 0.0046875
0 0.7 0.2859375 0.009375 0.00625
0 0.8 0.253125 0.01640625 0.01484375
0 0.82421875 0.27890625 0.0296875 0.03125
0 0.84609375 0.265625 0.0125 0.01015625
0 0.840625 0.2484375 0.015625 0.00859375
0 0.85078125 0.2265625 0.0125 0.01015625
0 0.734375 0.2078125 0.01875 0.02421875
0 0.70078125 0.17734375 0.02578125 0.01640625
0 0.68515625 0.225 0.00859375 0.003125
0 0.72265625 0.1640625 0.0125 0.0078125
0 0.71015625 0.16328125 0.003125 0.00234375
0 0.71328125 0.1640625 0.003125 0.00234375
0 0.84296875 0.1765625 0.021875 0.0109375