0 0.478125 0.4484375 0.0203125 0.01484375
0 0.415625 0.5734375 0.0203125 0.01875
0 0.2890625 0.396875 0.01796875 0.01796875
0 0.50625 0.6375 0.01328125 0.01171875
0 0.553125 0.67734375 0.034375 0.01484375
0 0.621875 0.67265625 0.01875 0.01953125
0 0.4828125 0.6703125 0.015625 0.0109375
0 0.5125 0.66953125 0.01328125 0.0109375
0 0.425 0.6390625 0.0109375 0.009375
0 0.4515625 0.61875 0.01015625 0.00859375
0 0.4828125 0.65234375 0.0515625 0.02578125
0 0.5671875 0.58828125 0.0328125 0.01484375
0 0.40703125 0.5328125 0.0125 0.009375
0 0.4453125 0.5390625 0.00859375 0.00625
0 0.37734375 0.5515625 0.015625 0.0125
0 0.26171875 0.45703125 0.015625 0.0109375
0 0.41796875 0.44375 0.01015625 0.01015625
0 0.4546875 0.459375 0.015625 0.009375
0 0.61015625 0.55703125 0.0171875 0.0140625
0 0.63515625 0.57734375 0.01015625 0.01015625
0 0.44921875 0.5640625 0.01171875 0.0109375
0 0.42109375 0.66328125 0.015625 0.01015625
0 0.33359375 0.21953125 0.01015625 0.01015625
0 0.3328125 0.484375 0.01328125 0.00703125