0 0.26171875 0.29140625 0.01015625 0.00859375
0 0.23828125 0.30546875 0.009375 0.00625
0 0.27578125 0.30234375 0.015625 0.0125
0 0.259375 0.33984375 0.015625 0.01171875
0 0.215625 0.32421875 0.015625 0.0125
0 0.1796875 0.3375 0.01796875 0.01171875
0 0.16328125 0.3515625 0.015625 0.009375
0 0.12265625 0.39140625 0.01171875 0.01015625
0 0.1046875 0.38515625 0.0078125 0.00859375
0 0.0640625 0.35234375 0.01484375 0.0109375
0 0.16875 0.32265625 0.01171875 0.009375
0 0.2078125 0.31015625 0.0109375 0.009375
0 0.23125 0.32421875 0.01015625 0.01171875
0 0.33125 0.32109375 0.01640625 0.01171875
0 0.4140625 0.325 0.021875 0.01953125
0 0.3984375 0.35625 0.01953125 0.0109375
0 0.4328125 0.36796875 0.01484375 0.009375
0 0.47109375 0.34921875 0.01015625 0.01015625
0 0.4671875 0.315625 0.0265625 0.015625
0 0.57734375 0.2796875 0.01015625 0.00703125
0 0.6734375 0.29375 0.021875 0.009375
0 0.5890625 0.3234375 0.00703125 0.00703125
0 0.6828125 0.3203125 0.00625 0.00546875
0 0.64375 0.2984375 0.00625 0.0046875
0 0.63046875 0.3171875 0.009375 0.00859375
0 0.584375 0.4140625 0.01484375 0.0125
0 0.53203125 0.42890625 0.01953125 0.015625
0 0.5328125 0.45234375 0.01953125 0.0125
0 0.496875 0.44375 0.0109375 0.00625
0 0.41953125 0.4078125 0.009375 0.009375
0 0.3390625 0.41875 0.00859375 0.00625
0 0.26171875 0.4125 0.04140625 0.01953125
0 0.2609375 0.4578125 0.02734375 0.02109375
0 0.2140625 0.4609375 0.0140625 0.009375
0 0.26796875 0.37578125 0.00703125 0.00703125
0 0.23515625 0.3453125 0.01015625 0.0109375
0 0.25625 0.31015625 0.01171875 0.01171875
0 0.32265625 0.2875 0.015625 0.0109375
0 0.3828125 0.28203125 0.00703125 0.0078125
0 0.3265625 0.278125 0.0140625 0.0078125
0 0.3421875 0.2703125 0.00859375 0.00234375
0 0.26953125 0.31484375 0.01015625 0.009375
0 0.2890625 0.30859375 0.0078125 0.009375
0 0.13125 0.36171875 0.01484375 0.0078125
0 0.12578125 0.38359375 0.0109375 0.00390625
0 0.484375 0.27265625 0.01171875 0.009375
0 0.51796875 0.54609375 0.01171875 0.00625
0 0.2671875 0.4359375 0.0078125 0.00625
0 0.27578125 0.42890625 0.00859375 0.00546875
0 0.2265625 0.46328125 0.00625 0.00625
0 0.19453125 0.4671875 0.003125 0.00390625
0 0.1515625 0.4484375 0.015625 0.0046875
0 0.125 0.4125 0.00546875 0.003125
0 0.2453125 0.3609375 0.0046875 0.00546875
0 0.34609375 0.3453125 0.00703125 0.0046875
0 0.2546875 0.321875 0.01171875 0.00625
0 0.24921875 0.2984375 0.01171875 0.0046875
0 0.30078125 0.2953125 0.00546875 0.00703125
0 0.36796875 0.2921875 0.00703125 0.0046875
0 0.54296875 0.33359375 0.0046875 0.00234375
0 0.4875 0.3484375 0.0046875 0.00390625
0 0.47265625 0.36015625 0.0046875 0.00390625
0 0.4921875 0.3203125 0.009375 0.00546875
0 0.50234375 0.32734375 0.0046875 0.003125
0 0.4515625 0.325 0.00390625 0.00546875
0 0.45703125 0.334375 0.00390625 0.0046875
0 0.4640625 0.3296875 0.0046875 0.0046875