0 0.575 0.32265625 0.0421875 0.0296875
0 0.54921875 0.2984375 0.009375 0.00625
0 0.528125 0.2890625 0.009375 0.00703125
0 0.4953125 0.31171875 0.03515625 0.025
0 0.57421875 0.2828125 0.01953125 0.0125
0 0.625 0.3125 0.04453125 0.0203125
0 0.6390625 0.29296875 0.01015625 0.00703125
0 0.665625 0.328125 0.0609375 0.03125
0 0.7703125 0.328125 0.03359375 0.01875
0 0.77109375 0.3671875 0.015625 0.01171875
0 0.8140625 0.378125 0.0296875 0.03515625
0 0.371875 0.2828125 0.02421875 0.0125
0 0.48671875 0.1984375 0.0140625 0.01328125
0 0.4078125 0.20703125 0.01328125 0.00703125
0 0.42578125 0.15703125 0.03515625 0.02265625
0 0.1484375 0.5640625 0.01484375 0.009375
0 0.12421875 0.33203125 0.0125 0.0078125
0 0.34609375 0.63984375 0.01875 0.0125
0 0.415625 0.66875 0.0265625 0.01875
0 0.54765625 0.578125 0.0140625 0.00703125
0 0.60078125 0.5796875 0.01796875 0.0109375
0 0.55625 0.59609375 0.0515625 0.02265625
0 0.596875 0.55234375 0.021875 0.0078125
0 0.6890625 0.590625 0.02421875 0.0125
0 0.71328125 0.59453125 0.0171875 0.01328125
0 0.703125 0.53046875 0.01640625 0.0125
0 0.64921875 0.47265625 0.028125 0.021875
0 0.62421875 0.4375 0.02578125 0.01953125
0 0.65078125 0.42578125 0.0125 0.00703125
0 0.7609375 0.45703125 0.01484375 0.009375
0 0.77734375 0.45546875 0.00859375 0.0078125
0 0.76328125 0.503125 0.01796875 0.02265625
0 0.746875 0.53125 0.0140625 0.0109375
0 0.721875 0.56015625 0.046875 0.034375
0 0.1546875 0.27578125 0.015625 0.009375