0 0.096875 0.4578125 0.01484375 0.0078125
0 0.08515625 0.440625 0.01796875 0.009375
0 0.14375 0.43984375 0.009375 0.00625
0 0.14921875 0.4578125 0.02421875 0.01328125
0 0.17265625 0.478125 0.01640625 0.01015625
0 0.24453125 0.4625 0.02265625 0.00859375
0 0.3 0.4421875 0.02578125 0.00859375
0 0.29140625 0.475 0.0234375 0.0109375
0 0.33828125 0.48125 0.03046875 0.01484375
0 0.32734375 0.453125 0.01171875 0.00859375
0 0.428125 0.465625 0.0265625 0.0125
0 0.4140625 0.5296875 0.02578125 0.01171875
0 0.43203125 0.49140625 0.01640625 0.0125
0 0.48046875 0.46796875 0.021875 0.0203125
0 0.59375 0.29375 0.02265625 0.01328125
0 0.51015625 0.15 0.01328125 0.00859375
0 0.7734375 0.34453125 0.0078125 0.0078125
0 0.7796875 0.33203125 0.00859375 0.0046875
0 0.765625 0.3328125 0.00859375 0.00546875
0 0.74375 0.33359375 0.0078125 0.0046875
0 0.3296875 0.5125 0.05390625 0.028125
0 0.26796875 0.5046875 0.053125 0.02578125
0 0.09375 0.4875 0.03359375 0.021875