0 0.67890625 0.62578125 0.00390625 0.003125
0 0.671875 0.62734375 0.003125 0.00234375
0 0.6671875 0.634375 0.00703125 0.0078125
0 0.6703125 0.63984375 0.0046875 0.003125
0 0.65546875 0.63828125 0.00390625 0.00234375
0 0.659375 0.64375 0.00234375 0.00234375
0 0.53515625 0.64375 0.0125 0.0078125
0 0.53125 0.63515625 0.0078125 0.003125
0 0.43125 0.309375 0.02109375 0.01328125
0 0.628125 0.45859375 0.0125 0.01015625
0 0.2859375 0.28828125 0.00703125 0.009375
0 0.30234375 0.2828125 0.0046875 0.00234375
0 0.30703125 0.2890625 0.00234375 0.00234375
0 0.2953125 0.29609375 0.003125 0.003125
0 0.28671875 0.29921875 0.00234375 0.003125
0 0.2875 0.28046875 0.00234375 0.003125
0 0.28359375 0.28125 0.00234375 0.00234375
0 0.47890625 0.11484375 0.0125 0.009375
0 0.4703125 0.10859375 0.00703125 0.00390625
0 0.3984375 0.11953125 0.00859375 0.00859375
0 0.36796875 0.121875 0.0125 0.00703125
0 0.42578125 0.08671875 0.01015625 0.00625
0 0.44921875 0.0796875 0.009375 0.00625
0 0.47890625 0.078125 0.0109375 0.00703125
0 0.52734375 0.06484375 0.0140625 0.0109375
0 0.49921875 0.05390625 0.0078125 0.00546875
0 0.55234375 0.05625 0.00859375 0.0046875
0 0.5828125 0.0734375 0.01015625 0.00703125
0 0.54921875 0.0796875 0.0078125 0.0046875
0 0.38046875 0.10625 0.0125 0.01171875