0 0.6484375 0.23046875 0.0125 0.021875
0 0.6875 0.23671875 0.028125 0.0265625
0 0.7265625 0.21640625 0.02109375 0.02265625
0 0.725 0.25234375 0.02265625 0.021875
0 0.7671875 0.228125 0.02109375 0.0203125
0 0.61875 0.271875 0.0171875 0.01953125
0 0.60625 0.3125 0.028125 0.01328125
0 0.57890625 0.278125 0.03125 0.01015625
0 0.5421875 0.2890625 0.02265625 0.0140625
0 0.40078125 0.32265625 0.03671875 0.02265625
0 0.49921875 0.33203125 0.01953125 0.0203125
0 0.4609375 0.284375 0.02421875 0.02578125
0 0.696875 0.190625 0.01796875 0.01796875
0 0.54140625 0.271875 0.0265625 0.0171875
0 0.23203125 0.35078125 0.0140625 0.01328125
0 0.5484375 0.4140625 0.015625 0.01328125