0 0.57734375 0.23671875 0.0625 0.0359375
0 0.609375 0.1890625 0.04765625 0.0328125
0 0.5 0.20234375 0.02890625 0.01640625
0 0.50234375 0.23671875 0.0171875 0.0109375
0 0.4578125 0.2484375 0.0171875 0.0078125
0 0.46953125 0.29609375 0.0296875 0.03828125
0 0.23828125 0.2046875 0.0265625 0.01640625
0 0.70390625 0.16484375 0.01875 0.01171875
0 0.6578125 0.17890625 0.04140625 0.02421875
0 0.840625 0.1234375 0.0203125 0.02265625
0 0.896875 0.103125 0.03046875 0.03359375
0 0.7828125 0.07890625 0.01796875 0.0171875
0 0.7578125 0.25625 0.01796875 0.0171875
0 0.78046875 0.25546875 0.01171875 0.0140625
0 0.67265625 0.20234375 0.0109375 0.01640625
0 0.58203125 0.1625 0.01484375 0.0109375
0 0.48984375 0.40078125 0.015625 0.0140625
0 0.2984375 0.3828125 0.0234375 0.01484375
0 0.14140625 0.27890625 0.01015625 0.00546875
0 0.15390625 0.29140625 0.01640625 0.00625
0 0.1171875 0.28359375 0.015625 0.015625
0 0.53046875 0.14765625 0.02109375 0.0140625
0 0.6921875 0.1453125 0.01484375 0.0046875
0 0.92578125 0.0953125 0.015625 0.01484375
0 0.88203125 0.1515625 0.009375 0.01015625
0 0.79609375 0.16171875 0.01328125 0.00859375
0 0.8359375 0.16484375 0.00859375 0.009375
0 0.71015625 0.175 0.0140625 0.00625
0 0.7546875 0.234375 0.0109375 0.0140625
0 0.49609375 0.29765625 0.0109375 0.01171875
0 0.49765625 0.2625 0.0078125 0.0078125
0 0.534375 0.25390625 0.00625 0.0078125
0 0.53984375 0.24453125 0.009375 0.00703125
0 0.7609375 0.0890625 0.00625 0.0078125
0 0.23828125 0.32734375 0.00625 0.00625
0 0.28671875 0.15234375 0.00859375 0.009375
0 0.4421875 0.30625 0.00859375 0.01171875
0 0.63671875 0.284375 0.00625 0.00546875
0 0.921875 0.1125 0.01484375 0.0078125
0 0.87265625 0.115625 0.0109375 0.0046875
0 0.75546875 0.19921875 0.0078125 0.009375
0 0.64375 0.16171875 0.01640625 0.00546875
0 0.68515625 0.16953125 0.01015625 0.01484375
0 0.52265625 0.2671875 0.0046875 0.00546875
0 0.578125 0.3109375 0.009375 0.00859375
0 0.56875 0.28203125 0.00546875 0.0046875
0 0.54921875 0.29296875 0.00546875 0.0046875
0 0.51015625 0.334375 0.00625 0.00390625
0 0.53984375 0.37578125 0.0078125 0.0046875
0 0.6109375 0.3859375 0.00625 0.00546875
0 0.40546875 0.25625 0.01171875 0.00546875
0 0.42890625 0.2703125 0.00546875 0.00546875
0 0.51015625 0.259375 0.0046875 0.0046875
0 0.51328125 0.27265625 0.00625 0.00703125
0 0.50546875 0.27265625 0.00390625 0.00859375
0 0.26640625 0.29296875 0.0046875 0.00546875
0 0.2390625 0.2921875 0.00546875 0.00546875
0 0.21171875 0.315625 0.00625 0.00546875
0 0.17109375 0.30703125 0.00703125 0.00390625
0 0.17578125 0.29921875 0.00703125 0.00390625
0 0.2078125 0.23671875 0.009375 0.00390625
0 0.13125 0.26796875 0.00703125 0.0046875
0 0.12109375 0.26875 0.00703125 0.00625
0 0.46171875 0.203125 0.00625 0.00546875
0 0.52734375 0.21015625 0.0078125 0.00546875
0 0.5765625 0.18046875 0.00625 0.00703125
0 0.54140625 0.11796875 0.00859375 0.00546875
0 0.5125 0.15390625 0.00703125 0.00703125