0 0.50234375 0.30078125 0.00703125 0.00625
0 0.409375 0.26171875 0.00625 0.0046875
0 0.36875 0.31171875 0.00859375 0.00625
0 0.396875 0.2984375 0.021875 0.00625
0 0.46171875 0.26875 0.01015625 0.00625
0 0.35078125 0.303125 0.00546875 0.00546875
0 0.46953125 0.36171875 0.009375 0.00546875
0 0.61484375 0.37890625 0.00546875 0.00625
0 0.621875 0.34609375 0.00703125 0.0046875
0 0.57109375 0.33671875 0.0046875 0.00390625
0 0.6078125 0.478125 0.009375 0.01171875
0 0.4796875 0.30859375 0.00859375 0.0078125
0 0.51015625 0.31953125 0.0046875 0.00625
0 0.38203125 0.3046875 0.00546875 0.003125
0 0.51484375 0.36328125 0.0046875 0.003125
0 0.41875 0.2890625 0.0078125 0.00390625
0 0.43046875 0.2625 0.00546875 0.01015625
0 0.453125 0.26640625 0.00390625 0.00546875
0 0.4671875 0.26171875 0.00625 0.003125
0 0.453125 0.27265625 0.00390625 0.003125
0 0.44296875 0.26484375 0.00703125 0.003125
0 0.475 0.27109375 0.00625 0.003125
0 0.51875 0.28359375 0.0078125 0.0046875
0 0.5890625 0.31875 0.00625 0.00234375
0 0.528125 0.30859375 0.0109375 0.00546875
0 0.6046875 0.33828125 0.00546875 0.003125
0 0.61171875 0.35625 0.003125 0.00390625
0 0.48515625 0.3171875 0.00546875 0.003125
0 0.45390625 0.32421875 0.00234375 0.00234375
0 0.41796875 0.3140625 0.003125 0.00078125
0 0.59140625 0.50546875 0.00546875 0.00234375
0 0.56328125 0.52109375 0.0046875 0.0078125
0 0.39375 0.2625 0.00546875 0.003125
0 0.48515625 0.35546875 0.0078125 0.00390625