0 0.25234375 0.2625 0.021875 0.01328125
0 0.25625 0.64609375 0.028125 0.02421875
0 0.425 0.6734375 0.03671875 0.03671875
0 0.49140625 0.57734375 0.01640625 0.00703125
0 0.4859375 0.56875 0.0078125 0.00546875
0 0.5671875 0.609375 0.009375 0.01015625
0 0.3828125 0.40546875 0.0296875 0.01875
0 0.4109375 0.42890625 0.0171875 0.01484375
0 0.3765625 0.4765625 0.0234375 0.01328125
0 0.58984375 0.478125 0.015625 0.01015625
0 0.5984375 0.43515625 0.01171875 0.0078125
0 0.65078125 0.42578125 0.015625 0.0109375
0 0.665625 0.41953125 0.00703125 0.00390625
0 0.68203125 0.4578125 0.0421875 0.02734375
0 0.64609375 0.49765625 0.0359375 0.03125
0 0.78046875 0.41484375 0.0203125 0.01328125
0 0.80546875 0.35546875 0.0328125 0.02578125
0 0.68359375 0.29296875 0.0390625 0.0328125
0 0.61953125 0.25234375 0.04296875 0.02265625
0 0.65234375 0.23046875 0.01875 0.015625
0 0.85546875 0.22734375 0.01171875 0.01015625
0 0.85234375 0.38828125 0.04609375 0.05703125
0 0.89140625 0.36875 0.02109375 0.01484375
0 0.89609375 0.3921875 0.0328125 0.02265625
0 0.87734375 0.340625 0.02109375 0.01015625
0 0.88046875 0.3046875 0.01953125 0.01640625
0 0.90703125 0.340625 0.015625 0.01015625