0 0.59453125 0.21875 0.040625 0.021875
0 0.6046875 0.1625 0.0203125 0.01640625
0 0.66875 0.1296875 0.0234375 0.0296875
0 0.70625 0.10546875 0.03046875 0.0140625
0 0.7515625 0.121875 0.021875 0.01875
0 0.628125 0.11796875 0.0234375 0.01875
0 0.70859375 0.14375 0.0140625 0.0125
0 0.5546875 0.1703125 0.0171875 0.01328125
0 0.51953125 0.1828125 0.0234375 0.0125
0 0.3734375 0.23046875 0.03828125 0.01875
0 0.47890625 0.23984375 0.0203125 0.02734375
0 0.43203125 0.18359375 0.03515625 0.0265625
0 0.465625 0.21015625 0.01484375 0.01328125
0 0.53125 0.14765625 0.01640625 0.009375
0 0.6265625 0.08515625 0.00703125 0.009375
0 0.51640625 0.16640625 0.02265625 0.01171875