0 0.415625 0.28828125 0.02890625 0.0125
0 0.37109375 0.2671875 0.02734375 0.0109375
0 0.46796875 0.28359375 0.03359375 0.01328125
0 0.46015625 0.303125 0.01171875 0.00703125
0 0.47734375 0.49453125 0.08984375 0.0359375
0 0.61953125 0.4640625 0.06484375 0.0359375
0 0.6546875 0.503125 0.025 0.01796875
0 0.5140625 0.74765625 0.01796875 0.009375
0 0.4875 0.715625 0.021875 0.0140625
0 0.2609375 0.6578125 0.03125 0.0203125
0 0.23828125 0.5546875 0.059375 0.03203125
0 0.1921875 0.59765625 0.0421875 0.01875
0 0.1265625 0.55 0.11640625 0.05546875
0 0.05859375 0.5046875 0.03984375 0.021875
0 0.16015625 0.4859375 0.021875 0.01171875
0 0.171875 0.39609375 0.05 0.02109375
0 0.259375 0.40546875 0.025 0.021875
0 0.2328125 0.3515625 0.01796875 0.01015625
0 0.15625 0.3546875 0.05859375 0.028125
0 0.29140625 0.371875 0.01953125 0.01171875
0 0.11484375 0.228125 0.02578125 0.0125
0 0.23515625 0.19765625 0.0234375 0.0109375
0 0.459375 0.10546875 0.01484375 0.00703125
0 0.07578125 0.27109375 0.00859375 0.00625