0 0.328125 0.16796875 0.0140625 0.00625
0 0.21875 0.296875 0.0265625 0.0125
0 0.15078125 0.34921875 0.03515625 0.0109375
0 0.25546875 0.3828125 0.01015625 0.0046875
0 0.26953125 0.3859375 0.009375 0.00390625
0 0.3375 0.4609375 0.0671875 0.02265625
0 0.3890625 0.49609375 0.04765625 0.021875
0 0.38359375 0.44609375 0.01875 0.01015625
0 0.45390625 0.45234375 0.015625 0.0078125
0 0.4640625 0.48828125 0.02734375 0.01875
0 0.41328125 0.34296875 0.01953125 0.01171875
0 0.4734375 0.3546875 0.0296875 0.01171875
0 0.51328125 0.3421875 0.03046875 0.0171875
0 0.53984375 0.41875 0.01171875 0.00859375
0 0.6359375 0.4625 0.0140625 0.01015625
0 0.7890625 0.47421875 0.0578125 0.0328125
0 0.84375 0.4921875 0.0296875 0.01796875
0 0.709375 0.51875 0.08046875 0.0265625
0 0.58671875 0.609375 0.03828125 0.0265625
0 0.4625 0.5734375 0.03046875 0.01328125
0 0.6328125 0.61640625 0.01171875 0.015625
0 0.38203125 0.615625 0.0328125 0.01875
0 0.5125 0.62734375 0.090625 0.0234375