0 0.1921875 0.253125 0.0203125 0.0125
0 0.303125 0.64453125 0.05 0.025
0 0.34453125 0.628125 0.0171875 0.01171875
0 0.4765625 0.58671875 0.109375 0.03984375
0 0.5109375 0.5484375 0.046875 0.02265625
0 0.565625 0.5015625 0.04140625 0.025
0 0.55859375 0.54296875 0.01171875 0.00703125
0 0.58671875 0.5328125 0.01171875 0.01015625
0 0.5671875 0.56796875 0.01796875 0.01015625
0 0.74375 0.5484375 0.0203125 0.0140625
0 0.675 0.42109375 0.0234375 0.01171875
0 0.83828125 0.5265625 0.0484375 0.02265625
0 0.8171875 0.2484375 0.0140625 0.0125
0 0.73671875 0.1984375 0.0109375 0.01015625
0 0.3921875 0.65078125 0.0265625 0.0171875
0 0.19453125 0.590625 0.0421875 0.01953125
0 0.171875 0.56875 0.01875 0.0125
0 0.1890625 0.5390625 0.02421875 0.01171875
0 0.271875 0.5296875 0.03203125 0.01875
0 0.32265625 0.5265625 0.0421875 0.01796875
0 0.1484375 0.55625 0.01171875 0.00546875
0 0.14375 0.5359375 0.05 0.03359375
0 0.12265625 0.5078125 0.0171875 0.0125
0 0.1671875 0.453125 0.01640625 0.0109375
0 0.153125 0.42265625 0.01484375 0.0109375
0 0.19140625 0.4171875 0.01015625 0.00703125
0 0.20078125 0.46015625 0.009375 0.01328125
0 0.21640625 0.4390625 0.01171875 0.0078125
0 0.30859375 0.37890625 0.0171875 0.01171875
0 0.28046875 0.378125 0.0140625 0.0078125
0 0.26171875 0.35 0.01171875 0.00859375
0 0.12265625 0.2921875 0.0234375 0.015625