0 0.22265625 0.46796875 0.02421875 0.01328125
0 0.15234375 0.4828125 0.01796875 0.0109375
0 0.12890625 0.46171875 0.02578125 0.0140625
0 0.0765625 0.4609375 0.01484375 0.00859375
0 0.06484375 0.4453125 0.015625 0.0078125
0 0.12265625 0.4453125 0.0109375 0.0046875
0 0.28125 0.44609375 0.02265625 0.01015625
0 0.27109375 0.47890625 0.0171875 0.00625
0 0.315625 0.484375 0.01875 0.009375
0 0.3078125 0.4578125 0.0078125 0.0046875
0 0.31875 0.5140625 0.090625 0.03359375
0 0.21640625 0.509375 0.084375 0.02734375
0 0.40625 0.47109375 0.0203125 0.01015625
0 0.46171875 0.46953125 0.02578125 0.0234375
0 0.75390625 0.34921875 0.00859375 0.00703125
0 0.57421875 0.29609375 0.0234375 0.01171875
0 0.49375 0.15390625 0.009375 0.00546875
0 0.4125 0.49375 0.01328125 0.01171875
0 0.39140625 0.53359375 0.025 0.0109375