0 0.09921875 0.40859375 0.01015625 0.0078125
0 0.11796875 0.41171875 0.01484375 0.01171875
0 0.16328125 0.3421875 0.0171875 0.01328125
0 0.146875 0.35859375 0.01640625 0.0140625
0 0.19765625 0.32109375 0.0125 0.0125
0 0.21796875 0.325 0.02265625 0.01171875
0 0.2203125 0.2953125 0.01484375 0.0109375
0 0.24609375 0.27734375 0.015625 0.009375
0 0.2609375 0.303125 0.053125 0.03671875
0 0.25703125 0.3421875 0.025 0.01796875
0 0.32734375 0.31328125 0.01171875 0.01015625
0 0.4234375 0.32109375 0.03046875 0.021875
0 0.4140625 0.36015625 0.015625 0.01015625
0 0.3984375 0.35859375 0.00703125 0.00546875
0 0.4515625 0.37578125 0.0109375 0.00703125
0 0.49296875 0.3484375 0.0140625 0.0078125
0 0.478125 0.3125 0.02890625 0.02265625
0 0.2765625 0.43671875 0.0390625 0.02734375
0 0.28203125 0.4921875 0.0328125 0.02734375
0 0.23671875 0.4984375 0.0140625 0.00859375
0 0.54921875 0.61171875 0.01328125 0.0109375
0 0.56015625 0.48125 0.0234375 0.01875
0 0.5625 0.44921875 0.01640625 0.01796875
0 0.61640625 0.43125 0.0140625 0.0109375
0 0.61484375 0.265625 0.009375 0.00625
0 0.62890625 0.31953125 0.0109375 0.00625
0 0.7328125 0.28125 0.034375 0.01640625
0 0.80234375 0.359375 0.01875 0.0171875