0 0.453125 0.41015625 0.0140625 0.00859375
0 0.33984375 0.559375 0.003125 0.00390625
0 0.3328125 0.55703125 0.00390625 0.003125
0 0.3109375 0.5609375 0.00546875 0.003125
0 0.30625 0.56640625 0.00390625 0.00234375
0 0.32265625 0.58125 0.0046875 0.00234375
0 0.31953125 0.56875 0.0078125 0.00546875
0 0.3234375 0.56171875 0.009375 0.0078125
0 0.20234375 0.50703125 0.015625 0.025
0 0.41328125 0.22421875 0.01875 0.0125
0 0.315625 0.16328125 0.003125 0.00234375
0 0.3296875 0.16328125 0.003125 0.00234375
0 0.3328125 0.15859375 0.003125 0.003125
0 0.30625 0.1625 0.00234375 0.00234375
0 0.3140625 0.15703125 0.003125 0.003125
0 0.31640625 0.15390625 0.0046875 0.00390625
0 0.31796875 0.15 0.003125 0.00234375
0 0.321875 0.15078125 0.003125 0.003125
0 0.5984375 0.11015625 0.01328125 0.009375
0 0.596875 0.1015625 0.01015625 0.0046875
0 0.575 0.07109375 0.01015625 0.00546875
0 0.59765625 0.075 0.0109375 0.00625
0 0.62265625 0.08203125 0.01171875 0.00703125
0 0.6546875 0.0734375 0.00625 0.00390625
0 0.67109375 0.08984375 0.01328125 0.01015625
0 0.6984375 0.09296875 0.009375 0.00546875
0 0.68125 0.109375 0.00859375 0.0046875
0 0.7140625 0.11796875 0.01328125 0.0078125
0 0.503125 0.075 0.01015625 0.00703125
0 0.5234375 0.0703125 0.01640625 0.00703125