0 0.503125 0.60859375 0.0109375 0.00859375
0 0.4125 0.6390625 0.00390625 0.00234375
0 0.4109375 0.64453125 0.003125 0.00234375
0 0.4046875 0.65 0.0046875 0.00546875
0 0.4046875 0.65703125 0.003125 0.0015625
0 0.440625 0.64375 0.00234375 0.00234375
0 0.44765625 0.64453125 0.003125 0.00234375
0 0.44140625 0.65859375 0.003125 0.00234375
0 0.46953125 0.65546875 0.00234375 0.00234375
0 0.359375 0.66875 0.003125 0.00234375
0 0.3703125 0.675 0.00234375 0.0015625
0 0.36328125 0.68359375 0.00234375 0.0015625
0 0.2875 0.6921875 0.00390625 0.003125
0 0.63828125 0.47421875 0.01484375 0.009375
0 0.6953125 0.4265625 0.021875 0.01796875
0 0.653125 0.3828125 0.0078125 0.0046875
0 0.6453125 0.38203125 0.00625 0.00390625
0 0.6984375 0.3671875 0.00625 0.00625
0 0.66953125 0.4359375 0.00546875 0.00390625
0 0.6734375 0.425 0.003125 0.003125
0 0.55234375 0.39375 0.0125 0.009375
0 0.5 0.371875 0.0171875 0.0109375
0 0.52890625 0.36796875 0.01484375 0.00625
0 0.6109375 0.315625 0.01015625 0.00703125
0 0.6453125 0.30546875 0.02109375 0.01640625
0 0.6265625 0.275 0.02109375 0.01484375
0 0.5921875 0.271875 0.0125 0.01484375
0 0.53046875 0.29921875 0.00859375 0.00625
0 0.50390625 0.2546875 0.0078125 0.0078125
0 0.44375 0.2203125 0.025 0.02109375
0 0.4328125 0.19609375 0.01171875 0.00859375
0 0.4296875 0.2046875 0.00859375 0.00546875
0 0.4984375 0.209375 0.03359375 0.0234375
0 0.621875 0.22109375 0.0125 0.009375
0 0.65625 0.209375 0.0125 0.00859375
0 0.6203125 0.18125 0.03671875 0.025
0 0.62265625 0.16015625 0.0125 0.00703125
0 0.64140625 0.171875 0.0109375 0.009375
0 0.584375 0.184375 0.01640625 0.01328125
0 0.596875 0.15078125 0.0171875 0.0125
0 0.57421875 0.17109375 0.01484375 0.00859375
0 0.5703125 0.134375 0.01328125 0.009375
0 0.55234375 0.12578125 0.01328125 0.009375
0 0.49609375 0.11640625 0.0078125 0.00546875
0 0.49765625 0.10546875 0.00859375 0.00703125