0 0.521875 0.29609375 0.05703125 0.04375
0 0.465625 0.2375 0.03359375 0.021875
0 0.52265625 0.1890625 0.0296875 0.02265625
0 0.5828125 0.25234375 0.0671875 0.0390625
0 0.8328125 0.23671875 0.0296875 0.0203125
0 0.91171875 0.22578125 0.06640625 0.021875
0 0.79921875 0.1796875 0.01953125 0.01953125
0 0.39140625 0.3328125 0.0390625 0.03984375
0 0.45 0.2796875 0.015625 0.015625
0 0.68515625 0.36171875 0.01640625 0.0203125
0 0.69375 0.33671875 0.0140625 0.0140625
0 0.70390625 0.36640625 0.0125 0.01796875
0 0.40546875 0.2796875 0.02734375 0.0109375
0 0.215625 0.1734375 0.0140625 0.0203125
0 0.56640625 0.21484375 0.01875 0.0109375
0 0.628125 0.23203125 0.01640625 0.0125
0 0.6328125 0.2734375 0.01640625 0.0265625
0 0.684375 0.25 0.01953125 0.01796875
0 0.68203125 0.22578125 0.01640625 0.009375
0 0.66640625 0.22734375 0.00859375 0.009375
0 0.6421875 0.246875 0.01953125 0.01484375
0 0.7765625 0.184375 0.0125 0.0203125
0 0.77265625 0.26875 0.01171875 0.00703125
0 0.7125 0.29921875 0.01328125 0.00859375
0 0.80625 0.28671875 0.01484375 0.01328125
0 0.8546875 0.28125 0.00859375 0.009375
0 0.8734375 0.23671875 0.00625 0.009375
0 0.4375 0.30625 0.00703125 0.00859375
0 0.4828125 0.2953125 0.01015625 0.00703125
0 0.3640625 0.3390625 0.01015625 0.00859375
0 0.3546875 0.45234375 0.009375 0.01015625
0 0.4296875 0.42734375 0.01015625 0.0078125
0 0.41953125 0.3421875 0.00859375 0.00859375
0 0.4421875 0.31796875 0.01171875 0.00625
0 0.35078125 0.2765625 0.0078125 0.00625
0 0.28359375 0.12421875 0.0078125 0.00546875
0 0.3015625 0.12734375 0.00859375 0.00859375
0 0.32890625 0.346875 0.00546875 0.00546875
0 0.66171875 0.24765625 0.0140625 0.0078125
0 0.90859375 0.24140625 0.015625 0.003125
0 0.92421875 0.25078125 0.01875 0.0109375
0 0.65 0.2609375 0.00625 0.00703125
0 0.6828125 0.26328125 0.01015625 0.00859375
0 0.45703125 0.3171875 0.00859375 0.00625
0 0.4734375 0.3046875 0.00703125 0.00546875
0 0.09296875 0.259375 0.01796875 0.00703125
0 0.0625 0.24296875 0.00859375 0.0109375
0 0.1015625 0.278125 0.00703125 0.009375
0 0.6234375 0.24765625 0.00625 0.01328125
0 0.46640625 0.253125 0.01015625 0.00546875
0 0.490625 0.371875 0.00859375 0.00625
0 0.47109375 0.34921875 0.00546875 0.00546875
0 0.41875 0.3796875 0.00703125 0.00625
0 0.4953125 0.34140625 0.00625 0.00390625
0 0.4953125 0.32109375 0.0046875 0.00234375
0 0.5390625 0.328125 0.00546875 0.0046875
0 0.58046875 0.30546875 0.0078125 0.00234375
0 0.58671875 0.3 0.00546875 0.00625
0 0.553125 0.29453125 0.003125 0.00859375
0 0.62890625 0.2578125 0.01328125 0.003125
0 0.6765625 0.27578125 0.00625 0.0046875
0 0.6484375 0.2734375 0.00703125 0.00859375
0 0.7421875 0.2890625 0.00703125 0.00390625
0 0.77578125 0.27734375 0.003125 0.00546875
0 0.79296875 0.2796875 0.003125 0.00390625
0 0.74609375 0.24921875 0.00546875 0.00390625
0 0.75625 0.253125 0.00546875 0.003125
0 0.7390625 0.2296875 0.003125 0.0015625
0 0.7375 0.23515625 0.00390625 0.003125
0 0.75859375 0.19609375 0.00390625 0.003125
0 0.78984375 0.2 0.0046875 0.00390625
0 0.80703125 0.19765625 0.00546875 0.003125
0 0.84140625 0.190625 0.00703125 0.00625
0 0.85859375 0.1953125 0.00859375 0.00625
0 0.78828125 0.22890625 0.00546875 0.0046875
0 0.85859375 0.24609375 0.00625 0.00390625
0 0.84375 0.25 0.0046875 0.003125
0 0.73125 0.3078125 0.00625 0.00390625
0 0.75625 0.29296875 0.00546875 0.003125
0 0.08203125 0.24453125 0.00703125 0.0046875
0 0.16171875 0.215625 0.009375 0.00859375