0 0.371875 0.57734375 0.01953125 0.0140625
0 0.81953125 0.5265625 0.0234375 0.0171875
0 0.51796875 0.48046875 0.03203125 0.01875
0 0.55078125 0.45625 0.0265625 0.01796875
0 0.61015625 0.475 0.01796875 0.015625
0 0.853125 0.42578125 0.0421875 0.02421875
0 0.821875 0.453125 0.00859375 0.0078125
0 0.81640625 0.40859375 0.0078125 0.0078125
0 0.7375 0.39453125 0.009375 0.0109375
0 0.7859375 0.34453125 0.01015625 0.0078125
0 0.63828125 0.29609375 0.05703125 0.0265625
0 0.58203125 0.26953125 0.0359375 0.0328125
0 0.53046875 0.29140625 0.01640625 0.01171875
0 0.54296875 0.33046875 0.0125 0.01015625
0 0.60390625 0.33515625 0.01875 0.01171875
0 0.47890625 0.36640625 0.01328125 0.0109375
0 0.39609375 0.32578125 0.00703125 0.01015625
0 0.3359375 0.2671875 0.059375 0.0234375
0 0.27734375 0.31640625 0.0359375 0.03359375
0 0.23515625 0.29140625 0.0171875 0.01640625
0 0.51484375 0.2015625 0.01875 0.00859375
0 0.4234375 0.17578125 0.0328125 0.01796875
0 0.46796875 0.1453125 0.07109375 0.0375
0 0.4875 0.1171875 0.0234375 0.0140625
0 0.44609375 0.115625 0.01875 0.01484375
0 0.3984375 0.121875 0.02578125 0.01953125
0 0.34921875 0.11171875 0.0234375 0.01796875
0 0.3140625 0.11484375 0.02421875 0.01796875
0 0.21640625 0.1234375 0.0125 0.01015625
0 0.23046875 0.14140625 0.01796875 0.01484375
0 0.39375 0.1640625 0.02265625 0.015625