0 0.428125 0.853125 0.0234375 0.015625
0 0.390625 0.8640625 0.01328125 0.01171875
0 0.3546875 0.8375 0.0140625 0.0109375
0 0.403125 0.8296875 0.0109375 0.00625
0 0.465625 0.87421875 0.0125 0.0109375
0 0.40859375 0.88984375 0.00546875 0.0046875
0 0.40703125 0.896875 0.00546875 0.0046875
0 0.415625 0.89453125 0.0046875 0.003125
0 0.5 0.83984375 0.01640625 0.01015625
0 0.5421875 0.83984375 0.0140625 0.01015625
0 0.5765625 0.83515625 0.0140625 0.01328125
0 0.5203125 0.796875 0.009375 0.00546875
0 0.5125 0.7875 0.01796875 0.01328125
0 0.62578125 0.79375 0.0203125 0.01640625
0 0.66875 0.7875 0.0203125 0.01171875
0 0.6484375 0.81171875 0.02265625 0.0234375
0 0.5640625 0.8546875 0.03046875 0.0203125
0 0.61171875 0.825 0.0046875 0.003125
0 0.61953125 0.83046875 0.00546875 0.003125
0 0.62734375 0.8203125 0.0046875 0.00390625
0 0.6203125 0.821875 0.00859375 0.00625
0 0.53984375 0.8609375 0.00390625 0.003125
0 0.47421875 0.8828125 0.0125 0.00625
0 0.51796875 0.871875 0.034375 0.01484375
0 0.41875 0.32265625 0.01640625 0.0109375
0 0.61953125 0.525 0.021875 0.0140625
0 0.8078125 0.5703125 0.009375 0.0171875
0 0.78515625 0.57578125 0.00546875 0.00390625
0 0.77890625 0.5609375 0.00390625 0.00390625
0 0.79609375 0.55390625 0.0046875 0.0046875
0 0.8078125 0.55078125 0.00390625 0.00234375
0 0.571875 0.125 0.0140625 0.00546875
0 0.57734375 0.13125 0.00390625 0.00390625
0 0.4109375 0.1265625 0.00390625 0.003125
0 0.41875 0.1265625 0.00390625 0.003125
0 0.42421875 0.115625 0.00546875 0.00390625
0 0.425 0.12109375 0.00546875 0.00625
0 0.4390625 0.11953125 0.00390625 0.00234375