0 0.53203125 0.10703125 0.025 0.01328125
0 0.56171875 0.11015625 0.0171875 0.0109375
0 0.60078125 0.1234375 0.015625 0.0140625
0 0.57265625 0.08828125 0.00703125 0.00703125
0 0.6421875 0.12578125 0.0125 0.01015625
0 0.67734375 0.1359375 0.01328125 0.00859375
0 0.6703125 0.15390625 0.02109375 0.01640625
0 0.6078125 0.171875 0.02109375 0.01328125
0 0.65078125 0.153125 0.0125 0.01640625
0 0.71953125 0.1828125 0.00625 0.009375
0 0.7703125 0.221875 0.01171875 0.01015625
0 0.721875 0.2765625 0.01796875 0.01484375
0 0.71953125 0.33828125 0.009375 0.0109375
0 0.66796875 0.32109375 0.00703125 0.01015625
0 0.4515625 0.1109375 0.0109375 0.0109375
0 0.44765625 0.09296875 0.01171875 0.00703125
0 0.45703125 0.04140625 0.009375 0.0078125
0 0.61875 0.109375 0.0046875 0.00859375
0 0.5515625 0.0921875 0.00859375 0.01171875
0 0.50390625 0.23125 0.02578125 0.01171875
0 0.44296875 0.2625 0.01484375 0.01171875
0 0.4390625 0.2734375 0.01796875 0.0078125
0 0.4109375 0.2375 0.015625 0.0078125
0 0.521875 0.2375 0.00625 0.009375
0 0.6390625 0.15078125 0.00703125 0.01328125
0 0.6484375 0.16640625 0.01640625 0.003125
0 0.58125 0.15859375 0.00546875 0.01171875
0 0.6734375 0.16640625 0.01328125 0.00546875
0 0.76328125 0.31171875 0.009375 0.01640625
0 0.66796875 0.28671875 0.0125 0.00703125
0 0.540625 0.290625 0.00390625 0.00703125
0 0.6015625 0.340625 0.0078125 0.00625
0 0.9078125 0.459375 0.01953125 0.015625
0 0.81953125 0.41328125 0.0078125 0.009375
0 0.87578125 0.37578125 0.00625 0.00625
0 0.6828125 0.4625 0.00859375 0.0140625
0 0.60078125 0.44765625 0.01640625 0.01171875
0 0.6359375 0.4359375 0.0171875 0.00625
0 0.49140625 0.978125 0.009375 0.00703125
0 0.59140625 0.93828125 0.009375 0.00625
0 0.57421875 0.9140625 0.00390625 0.0046875
0 0.5953125 0.92109375 0.00703125 0.00546875
0 0.690625 0.87890625 0.003125 0.00390625
0 0.634375 0.85546875 0.00703125 0.0046875
0 0.74453125 0.78125 0.0125 0.01171875
0 0.8578125 0.54453125 0.0171875 0.01640625
0 0.6296875 0.8734375 0.00546875 0.00703125
0 0.88515625 0.43828125 0.00625 0.003125
0 0.87421875 0.48046875 0.00625 0.0046875
0 0.68046875 0.209375 0.00859375 0.00859375
0 0.74375 0.178125 0.009375 0.00625
0 0.44453125 0.2515625 0.0125 0.00625
0 0.47265625 0.25390625 0.00703125 0.00625
0 0.41015625 0.2484375 0.0125 0.00625
0 0.5578125 0.2078125 0.00390625 0.00390625
0 0.56484375 0.17890625 0.0046875 0.00390625
0 0.715625 0.175 0.00546875 0.00625
0 0.76640625 0.18125 0.00390625 0.00546875
0 0.6921875 0.12109375 0.00859375 0.00625
0 0.69140625 0.1375 0.0078125 0.00625
0 0.69765625 0.16796875 0.00703125 0.00390625
0 0.68359375 0.1796875 0.00859375 0.0078125
0 0.7078125 0.1734375 0.00390625 0.00859375
0 0.60703125 0.13671875 0.009375 0.00703125
0 0.5421875 0.153125 0.00703125 0.0109375
0 0.50234375 0.12265625 0.00625 0.0078125
0 0.49921875 0.09296875 0.00703125 0.01328125
0 0.728125 0.86484375 0.00625 0.00546875
0 0.68984375 0.853125 0.009375 0.00546875
0 0.384375 0.23125 0.00390625 0.00546875
0 0.42265625 0.2671875 0.00546875 0.01328125
0 0.43359375 0.24765625 0.01015625 0.00546875
0 0.4359375 0.2328125 0.00703125 0.00546875
0 0.4875 0.2265625 0.00546875 0.0109375
0 0.42265625 0.1328125 0.0046875 0.00546875
0 0.475 0.1125 0.00703125 0.00859375