0 0.5234375 0.22734375 0.034375 0.01328125
0 0.48203125 0.24296875 0.03125 0.01484375
0 0.7890625 0.35703125 0.02578125 0.0390625
0 0.84453125 0.37578125 0.03046875 0.0328125
0 0.725 0.40625 0.0875 0.0203125
0 0.6484375 0.34921875 0.00859375 0.01171875
0 0.7296875 0.36875 0.0078125 0.01171875
0 0.75234375 0.37734375 0.01015625 0.01171875
0 0.6 0.4859375 0.03671875 0.021875
0 0.640625 0.4953125 0.0328125 0.01640625
0 0.94765625 0.55625 0.0125 0.0125
0 0.865625 0.53359375 0.0203125 0.01171875
0 0.89140625 0.55 0.02578125 0.01640625
0 0.8953125 0.49921875 0.015625 0.009375
0 0.68984375 0.56171875 0.02421875 0.015625
0 0.5359375 0.50546875 0.08046875 0.025
0 0.48515625 0.4515625 0.01875 0.01640625
0 0.41484375 0.4921875 0.0375 0.0140625
0 0.4203125 0.51328125 0.0328125 0.01953125
0 0.3828125 0.47578125 0.015625 0.01328125
0 0.43046875 0.47421875 0.05390625 0.01484375
0 0.41171875 0.38515625 0.0421875 0.02265625
0 0.4796875 0.37421875 0.02421875 0.01953125
0 0.46953125 0.34765625 0.01953125 0.01953125
0 0.4 0.3328125 0.025 0.01953125
0 0.346875 0.353125 0.03671875 0.02265625
0 0.2703125 0.26484375 0.03046875 0.0109375
0 0.19453125 0.2796875 0.0109375 0.0140625
0 0.378125 0.35703125 0.0140625 0.01328125
0 0.35234375 0.4078125 0.0125 0.01640625
0 0.14765625 0.2234375 0.02578125 0.0125
0 0.1875 0.21796875 0.0140625 0.0046875
0 0.18046875 0.2359375 0.01640625 0.00546875
0 0.2125 0.1625 0.02109375 0.01171875
0 0.684375 0.12109375 0.01640625 0.01875
0 0.41953125 0.22734375 0.0171875 0.0140625
0 0.53515625 0.24609375 0.0078125 0.009375
0 0.55546875 0.309375 0.01328125 0.0078125
0 0.478125 0.48984375 0.01796875 0.01015625
0 0.6640625 0.4671875 0.009375 0.00546875
0 0.71171875 0.49140625 0.0078125 0.00859375
0 0.58671875 0.4203125 0.0109375 0.009375
0 0.57421875 0.47890625 0.0125 0.00859375
0 0.5796875 0.50859375 0.00546875 0.0109375
0 0.74609375 0.578125 0.01171875 0.0078125
0 0.87578125 0.58671875 0.01796875 0.00703125
0 0.4234375 0.41953125 0.009375 0.0109375
0 0.43828125 0.45859375 0.0125 0.00546875