0 0.6046875 0.49921875 0.015625 0.0109375
0 0.47734375 0.2984375 0.0109375 0.0078125
0 0.50859375 0.115625 0.00390625 0.003125
0 0.515625 0.11640625 0.003125 0.00390625
0 0.52265625 0.10703125 0.0046875 0.00703125
0 0.52109375 0.11328125 0.00390625 0.003125
0 0.53515625 0.11171875 0.003125 0.003125
0 0.53515625 0.10546875 0.00234375 0.003125
0 0.65234375 0.13671875 0.015625 0.01328125
0 0.7453125 0.55390625 0.0046875 0.01171875
0 0.740625 0.559375 0.003125 0.00234375
0 0.725 0.55703125 0.003125 0.00234375
0 0.7234375 0.54453125 0.00234375 0.00234375
0 0.7390625 0.54140625 0.003125 0.00234375
0 0.74921875 0.53984375 0.003125 0.00234375
0 0.58984375 0.70859375 0.01484375 0.0109375
0 0.5703125 0.72265625 0.0171875 0.0140625
0 0.5546875 0.7078125 0.01640625 0.01171875
0 0.5109375 0.73203125 0.01484375 0.0109375
0 0.48359375 0.7328125 0.01171875 0.00859375
0 0.45234375 0.72890625 0.0140625 0.01171875
0 0.41953125 0.75 0.00859375 0.00703125
0 0.49296875 0.7078125 0.00625 0.0046875
0 0.4734375 0.69921875 0.00625 0.00625
0 0.46796875 0.6921875 0.0140625 0.01015625
0 0.39453125 0.73203125 0.0171875 0.0125
0 0.36328125 0.7359375 0.009375 0.00703125
0 0.37734375 0.7125 0.00703125 0.0046875
0 0.33984375 0.71328125 0.01171875 0.00859375
0 0.37109375 0.7609375 0.00390625 0.00390625
0 0.3734375 0.75625 0.0046875 0.003125
0 0.378125 0.7609375 0.00390625 0.003125
0 0.4953125 0.74609375 0.02734375 0.01171875
0 0.54609375 0.7296875 0.021875 0.00859375