0 0.34921875 0.340625 0.01328125 0.01484375
0 0.38828125 0.30078125 0.0078125 0.0109375
0 0.2828125 0.19453125 0.01328125 0.01796875
0 0.32109375 0.22578125 0.00703125 0.00703125
0 0.271875 0.2296875 0.00859375 0.0109375
0 0.2921875 0.24375 0.00625 0.01015625
0 0.17421875 0.2921875 0.025 0.0203125
0 0.1703125 0.3484375 0.01328125 0.0234375
0 0.178125 0.21328125 0.00859375 0.0078125
0 0.19140625 0.175 0.01484375 0.021875
0 0.1125 0.225 0.009375 0.01640625
0 0.12578125 0.209375 0.00859375 0.0171875
0 0.0703125 0.2625 0.0046875 0.00859375
0 0.0515625 0.21484375 0.00625 0.0046875
0 0.1171875 0.19453125 0.0046875 0.009375
0 0.15078125 0.19375 0.0046875 0.00625
0 0.16640625 0.17421875 0.00703125 0.00859375
0 0.18359375 0.16015625 0.0046875 0.00625
0 0.228125 0.15703125 0.00546875 0.00703125
0 0.26796875 0.146875 0.0046875 0.0078125
0 0.3171875 0.18515625 0.009375 0.0109375
0 0.228125 0.18984375 0.0078125 0.0078125
0 0.13671875 0.34921875 0.00859375 0.009375
0 0.17890625 0.18046875 0.0078125 0.0125
0 0.40078125 0.20078125 0.003125 0.0078125
0 0.45703125 0.1734375 0.01171875 0.009375
0 0.49765625 0.2375 0.00859375 0.0140625
0 0.46171875 0.20234375 0.00546875 0.00859375
0 0.4359375 0.175 0.0046875 0.00625
0 0.7015625 0.69921875 0.0046875 0.00703125
0 0.68046875 0.60546875 0.003125 0.0046875
0 0.7015625 0.5984375 0.00234375 0.0046875
0 0.66328125 0.4859375 0.00234375 0.0046875
0 0.6609375 0.49375 0.00234375 0.00390625
0 0.65078125 0.528125 0.0015625 0.00625
0 0.68203125 0.4921875 0.003125 0.0046875
0 0.628125 0.415625 0.00859375 0.01171875
0 0.225 0.3015625 0.0046875 0.00859375
0 0.27890625 0.28671875 0.00546875 0.01015625
0 0.04609375 0.25859375 0.003125 0.00703125
0 0.0421875 0.22421875 0.00625 0.00859375
0 0.14453125 0.178125 0.0046875 0.01171875
0 0.203125 0.17578125 0.0046875 0.0140625
0 0.159375 0.19453125 0.00625 0.01015625
0 0.25546875 0.17421875 0.00625 0.0046875
0 0.30859375 0.19765625 0.00390625 0.01171875
0 0.42421875 0.19296875 0.00234375 0.003125
0 0.42734375 0.196875 0.00234375 0.00625
0 0.6640625 0.5390625 0.00546875 0.00859375
0 0.65703125 0.53046875 0.00234375 0.00546875
0 0.690625 0.59140625 0.00234375 0.00390625
0 0.1453125 0.3546875 0.00390625 0.01328125
0 0.175 0.321875 0.00546875 0.0078125
0 0.20546875 0.2953125 0.00390625 0.0046875
0 0.1609375 0.21875 0.00546875 0.0078125
0 0.1421875 0.2375 0.00234375 0.00703125
0 0.190625 0.190625 0.0078125 0.0046875
0 0.146875 0.196875 0.003125 0.00703125
0 0.3125 0.4078125 0.003125 0.0046875
0 0.353125 0.31328125 0.0078125 0.01796875
0 0.13125 0.2078125 0.00234375 0.0078125
0 0.084375 0.2609375 0.00390625 0.003125
0 0.1765625 0.1921875 0.003125 0.003125
0 0.2625 0.2265625 0.00234375 0.00390625
0 0.15234375 0.3484375 0.0046875 0.0046875
0 0.1578125 0.3546875 0.0046875 0.00625
0 0.1609375 0.33828125 0.00390625 0.00859375
0 0.1234375 0.36015625 0.003125 0.00546875
0 0.1 0.3359375 0.0046875 0.00546875
0 0.0828125 0.29453125 0.00390625 0.00546875
0 0.159375 0.29921875 0.00390625 0.0046875
0 0.09296875 0.33828125 0.00390625 0.0078125
0 0.18046875 0.253125 0.003125 0.00390625
0 0.1671875 0.2375 0.003125 0.00390625
0 0.12734375 0.24765625 0.00234375 0.0046875
0 0.2125 0.16953125 0.003125 0.003125
0 0.2140625 0.1796875 0.00625 0.00703125
0 0.21015625 0.1640625 0.00546875 0.00625
0 0.21796875 0.1609375 0.0046875 0.00390625
0 0.1921875 0.1578125 0.00390625 0.00546875
0 0.175 0.1671875 0.00390625 0.00625
0 0.16484375 0.19609375 0.00390625 0.00625
0 0.16171875 0.2109375 0.0078125 0.0046875
0 0.23671875 0.1453125 0.003125 0.0046875
0 0.22109375 0.1578125 0.003125 0.00390625
0 0.18359375 0.196875 0.003125 0.0078125
0 0.1890625 0.203125 0.003125 0.00625
0 0.14921875 0.22578125 0.0046875 0.00625
0 0.078125 0.25703125 0.00546875 0.0046875
0 0.06875 0.2453125 0.0046875 0.00546875
0 0.0921875 0.234375 0.0046875 0.0078125
0 0.60390625 0.6109375 0.00234375 0.0046875
0 0.6140625 0.63125 0.00390625 0.0046875
0 0.36796875 0.4359375 0.003125 0.00546875
0 0.38203125 0.39296875 0.00234375 0.00390625
0 0.38828125 0.37578125 0.00234375 0.00390625