0 0.32734375 0.4484375 0.03046875 0.0265625
0 0.3828125 0.45546875 0.03125 0.01484375
0 0.37578125 0.4828125 0.01015625 0.00703125
0 0.24296875 0.55234375 0.00703125 0.003125
0 0.25234375 0.53671875 0.0109375 0.00625
0 0.2625 0.52734375 0.0140625 0.0078125
0 0.21015625 0.48515625 0.015625 0.0109375
0 0.22109375 0.49921875 0.01484375 0.01015625
0 0.2 0.4609375 0.0140625 0.01015625
0 0.23359375 0.43671875 0.01640625 0.01171875
0 0.1796875 0.4421875 0.01328125 0.00703125
0 0.19765625 0.425 0.0359375 0.025
0 0.3546875 0.40546875 0.0125 0.00625
0 0.2890625 0.35625 0.0125 0.009375
0 0.2828125 0.36328125 0.00546875 0.00390625
0 0.3609375 0.35390625 0.0125 0.00546875
0 0.31328125 0.3390625 0.0078125 0.00625
0 0.25703125 0.34140625 0.025 0.01640625
0 0.1890625 0.34609375 0.01015625 0.00546875
0 0.18515625 0.3859375 0.0125 0.01171875
0 0.22421875 0.38984375 0.009375 0.00625
0 0.25859375 0.3015625 0.0140625 0.01328125
0 0.30078125 0.31171875 0.01171875 0.0078125
0 0.44140625 0.303125 0.0203125 0.015625
0 0.41328125 0.29609375 0.015625 0.00859375
0 0.41015625 0.26484375 0.01328125 0.00703125
0 0.42109375 0.3203125 0.01328125 0.0078125
0 0.31015625 0.234375 0.0078125 0.00546875
0 0.25703125 0.2265625 0.00625 0.0046875
0 0.30234375 0.17578125 0.01328125 0.01328125
0 0.38828125 0.15703125 0.0140625 0.01015625
0 0.61640625 0.07734375 0.01328125 0.00703125