0 0.16953125 0.2921875 0.0109375 0.00546875
0 0.278125 0.3859375 0.01640625 0.009375
0 0.31640625 0.42578125 0.02578125 0.01015625
0 0.409375 0.415625 0.01171875 0.0046875
0 0.52734375 0.41484375 0.0125 0.0046875
0 0.52890625 0.42890625 0.0375 0.0125
0 0.5 0.42421875 0.01484375 0.00703125
0 0.58359375 0.428125 0.02265625 0.01171875
0 0.596875 0.4109375 0.0109375 0.00703125
0 0.61015625 0.4125 0.00703125 0.00546875
0 0.565625 0.4015625 0.00625 0.00390625
0 0.71484375 0.3734375 0.0328125 0.01640625
0 0.70703125 0.34453125 0.02734375 0.0171875
0 0.74296875 0.34296875 0.01015625 0.00625
0 0.734375 0.428125 0.01640625 0.01796875
0 0.75703125 0.42109375 0.0109375 0.0125
0 0.43671875 0.36640625 0.0109375 0.0109375
0 0.48046875 0.35703125 0.0109375 0.00703125
0 0.48671875 0.34375 0.01484375 0.0109375