0 0.5953125 0.13984375 0.021875 0.01640625
0 0.15703125 0.28828125 0.02109375 0.015625
0 0.3875 0.3078125 0.01796875 0.01875
0 0.4546875 0.3140625 0.02265625 0.0171875
0 0.48046875 0.28515625 0.0265625 0.021875
0 0.578125 0.234375 0.00703125 0.00546875
0 0.5578125 0.3875 0.0109375 0.01328125
0 0.653125 0.4109375 0.0125 0.0109375
0 0.7796875 0.39453125 0.0390625 0.0359375
0 0.825 0.40859375 0.0140625 0.01171875
0 0.81640625 0.39609375 0.00859375 0.00859375
0 0.73125 0.45546875 0.053125 0.02578125
0 0.50390625 0.4375 0.0125 0.009375
0 0.4421875 0.44375 0.01796875 0.0109375
0 0.41171875 0.48203125 0.0375 0.02265625
0 0.44296875 0.47734375 0.01171875 0.0078125
0 0.48828125 0.4984375 0.03203125 0.028125
0 0.5296875 0.46953125 0.01796875 0.01015625
0 0.5421875 0.478125 0.00859375 0.00546875
0 0.2875 0.4046875 0.01015625 0.00625
0 0.27578125 0.43203125 0.00546875 0.00390625
0 0.25390625 0.45390625 0.01015625 0.00703125
0 0.16171875 0.38984375 0.03828125 0.01796875
0 0.18125 0.3625 0.00859375 0.00625
0 0.2015625 0.4 0.00859375 0.0078125
0 0.29765625 0.4 0.00625 0.0046875
0 0.5765625 0.55 0.0171875 0.0078125
0 0.515625 0.6046875 0.01015625 0.00703125
0 0.553125 0.5921875 0.021875 0.0125
0 0.63515625 0.59453125 0.0640625 0.04140625
0 0.671875 0.61875 0.01328125 0.00859375
0 0.67734375 0.5578125 0.03046875 0.02109375
0 0.70859375 0.56171875 0.0203125 0.01796875
0 0.71796875 0.6046875 0.02265625 0.0125
0 0.7734375 0.6015625 0.02734375 0.0171875
0 0.803125 0.59453125 0.021875 0.01484375
0 0.8796875 0.55390625 0.021875 0.01484375
0 0.89921875 0.565625 0.0171875 0.01171875