0 0.35859375 0.340625 0.015625 0.0109375
0 0.38359375 0.29375 0.0109375 0.00859375
0 0.446875 0.421875 0.01875 0.01328125
0 0.4703125 0.409375 0.00703125 0.0046875
0 0.47421875 0.44140625 0.0140625 0.0125
0 0.59609375 0.46015625 0.0296875 0.0140625
0 0.63359375 0.4375 0.0171875 0.0140625
0 0.65 0.453125 0.01015625 0.00625
0 0.5421875 0.49765625 0.01484375 0.0078125
0 0.51484375 0.50703125 0.028125 0.01640625
0 0.54609375 0.52265625 0.0125 0.0078125
0 0.57109375 0.528125 0.01328125 0.0078125
0 0.5875 0.5296875 0.00859375 0.00546875
0 0.63046875 0.525 0.0109375 0.00625
0 0.50078125 0.41875 0.00859375 0.009375
0 0.50234375 0.43828125 0.01171875 0.0109375
0 0.53828125 0.40234375 0.00546875 0.00625
0 0.51328125 0.35 0.0125 0.00625
0 0.53359375 0.34140625 0.01328125 0.0078125
0 0.484375 0.3375 0.009375 0.00859375