0 0.3640625 0.2109375 0.01171875 0.01015625
0 0.3234375 0.3890625 0.01640625 0.01171875
0 0.29765625 0.4515625 0.01953125 0.01328125
0 0.3359375 0.50703125 0.0046875 0.0046875
0 0.31875 0.4359375 0.0046875 0.00234375
0 0.31953125 0.4640625 0.00390625 0.003125
0 0.36953125 0.478125 0.00625 0.00546875
0 0.42890625 0.5484375 0.03046875 0.01875
0 0.45234375 0.52578125 0.00859375 0.00625
0 0.46328125 0.56875 0.01953125 0.0171875
0 0.49765625 0.55625 0.0078125 0.00546875
0 0.4921875 0.5328125 0.00703125 0.00390625
0 0.503125 0.5640625 0.00390625 0.003125
0 0.50234375 0.61484375 0.01015625 0.00625
0 0.47734375 0.63828125 0.0140625 0.00859375
0 0.521875 0.6515625 0.03828125 0.02265625