0 0.2265625 0.28984375 0.0109375 0.00859375
0 0.37890625 0.440625 0.01484375 0.0109375
0 0.5140625 0.396875 0.0109375 0.00859375
0 0.56015625 0.3609375 0.01953125 0.01328125
0 0.55625 0.38515625 0.01328125 0.01328125
0 0.4265625 0.49609375 0.02421875 0.0125
0 0.496875 0.4765625 0.00703125 0.0046875
0 0.5015625 0.471875 0.00390625 0.00234375
0 0.50390625 0.5140625 0.00703125 0.00390625
0 0.60390625 0.49140625 0.028125 0.01796875
0 0.59921875 0.46484375 0.01171875 0.00546875
0 0.6484375 0.4875 0.02109375 0.01796875
0 0.63359375 0.446875 0.0078125 0.00546875
0 0.66171875 0.46015625 0.01015625 0.00703125
0 0.671875 0.46328125 0.00390625 0.00234375
0 0.7203125 0.4984375 0.01015625 0.00625
0 0.72734375 0.528125 0.0171875 0.00859375
0 0.765625 0.5078125 0.04453125 0.02578125
0 0.80078125 0.51328125 0.01171875 0.0078125
0 0.78046875 0.4796875 0.0203125 0.01328125
0 0.81875 0.496875 0.0234375 0.01484375
0 0.8015625 0.475 0.0078125 0.0109375
0 0.85078125 0.4828125 0.01640625 0.009375
0 0.8671875 0.47109375 0.015625 0.01015625
0 0.89609375 0.43125 0.0125 0.00859375
0 0.9125 0.434375 0.009375 0.0078125
0 0.775 0.40546875 0.034375 0.02265625
0 0.78125 0.359375 0.03359375 0.025