0 0.58984375 0.22265625 0.0328125 0.03046875
0 0.72109375 0.16484375 0.01796875 0.01875
0 0.64765625 0.1546875 0.01796875 0.01484375
0 0.67578125 0.14375 0.01171875 0.00390625
0 0.68359375 0.171875 0.015625 0.015625
0 0.5890625 0.175 0.02109375 0.0109375
0 0.6046875 0.14296875 0.0140625 0.01484375
0 0.5453125 0.17578125 0.02265625 0.01796875
0 0.5109375 0.1859375 0.0140625 0.01640625
0 0.371875 0.228125 0.02421875 0.00625
0 0.4765625 0.23359375 0.0265625 0.02734375
0 0.5484375 0.15078125 0.040625 0.0078125