0 0.4859375 0.3921875 0.0234375 0.01171875
0 0.459375 0.3734375 0.009375 0.0078125
0 0.509375 0.37421875 0.0234375 0.01328125
0 0.57265625 0.37734375 0.01875 0.0125
0 0.646875 0.3046875 0.0078125 0.00625
0 0.63828125 0.3109375 0.00625 0.003125
0 0.75390625 0.3 0.034375 0.009375
0 0.51171875 0.3 0.01328125 0.00703125
0 0.46015625 0.30546875 0.01171875 0.00625
0 0.4390625 0.28828125 0.01640625 0.0078125
0 0.53125 0.2703125 0.03515625 0.01171875
0 0.4734375 0.26875 0.02578125 0.015625
0 0.2109375 0.31875 0.04765625 0.01640625
0 0.26484375 0.2921875 0.04296875 0.00859375
0 0.2359375 0.23046875 0.01328125 0.0078125
0 0.26015625 0.221875 0.025 0.01875
0 0.30625 0.2265625 0.02109375 0.0125
0 0.33203125 0.21640625 0.01171875 0.0046875
0 0.3625 0.21171875 0.01328125 0.0078125
0 0.36015625 0.2265625 0.0421875 0.01953125
0 0.4828125 0.23359375 0.01640625 0.00625
0 0.32578125 0.24453125 0.0125 0.00625
0 0.30078125 0.240625 0.015625 0.0078125