0 0.315625 0.35859375 0.01796875 0.01953125
0 0.20390625 0.39921875 0.01953125 0.03046875
0 0.2125 0.434375 0.0109375 0.01953125
0 0.15078125 0.4703125 0.01796875 0.015625
0 0.14140625 0.4921875 0.01484375 0.0109375
0 0.25546875 0.50078125 0.01953125 0.02890625
0 0.28515625 0.54609375 0.01875 0.02109375
0 0.32109375 0.3921875 0.01484375 0.0171875
0 0.4578125 0.4265625 0.01015625 0.0203125
0 0.446875 0.4015625 0.00859375 0.01484375
0 0.46953125 0.375 0.00625 0.01171875
0 0.43046875 0.29765625 0.00625 0.00703125
0 0.5328125 0.27265625 0.0125 0.01796875
0 0.465625 0.2515625 0.0109375 0.009375
0 0.34453125 0.33046875 0.01328125 0.01640625
0 0.36640625 0.3625 0.0078125 0.0125
0 0.27109375 0.33359375 0.0078125 0.01171875
0 0.23671875 0.36328125 0.00859375 0.01171875
0 0.35 0.3890625 0.00625 0.0078125
0 0.1890625 0.390625 0.0046875 0.00859375
0 0.17734375 0.41171875 0.00625 0.0109375
0 0.1671875 0.44296875 0.01015625 0.01640625
0 0.06953125 0.52578125 0.00703125 0.00703125
0 0.08671875 0.55703125 0.0046875 0.00859375
0 0.2515625 0.57109375 0.009375 0.01328125
0 0.2703125 0.54375 0.0046875 0.009375
0 0.275 0.52265625 0.003125 0.00703125
0 0.31484375 0.47265625 0.00546875 0.0046875
0 0.23984375 0.465625 0.00234375 0.0046875
0 0.18125 0.43515625 0.00859375 0.01171875
0 0.21875 0.3953125 0.00703125 0.01328125
0 0.25390625 0.3890625 0.0078125 0.009375
0 0.73203125 0.3171875 0.009375 0.0078125
0 0.9546875 0.44921875 0.00546875 0.00625
0 0.89296875 0.38828125 0.0046875 0.0046875
0 0.87734375 0.41015625 0.003125 0.00390625
0 0.8203125 0.3296875 0.00390625 0.0046875
0 0.265625 0.5703125 0.009375 0.00859375
0 0.25859375 0.56171875 0.0078125 0.00390625
0 0.26484375 0.5515625 0.00625 0.00625
0 0.2921875 0.48046875 0.00390625 0.003125
0 0.13359375 0.5390625 0.0046875 0.0078125
0 0.1921875 0.5953125 0.0078125 0.00703125
0 0.11328125 0.54921875 0.00703125 0.00859375
0 0.2015625 0.45 0.0125 0.00703125
0 0.1546875 0.4609375 0.01015625 0.00703125
0 0.1578125 0.428125 0.00625 0.01171875
0 0.43359375 0.43203125 0.00703125 0.00546875
0 0.3640625 0.42421875 0.0078125 0.00703125
0 0.51796875 0.42265625 0.00546875 0.0046875
0 0.52265625 0.43828125 0.0015625 0.00390625
0 0.53515625 0.478125 0.0015625 0.00390625
0 0.48203125 0.26796875 0.0015625 0.0046875
0 0.45 0.259375 0.00390625 0.00625
0 0.45078125 0.27890625 0.00625 0.00546875
0 0.2265625 0.371875 0.00390625 0.003125
0 0.18984375 0.4046875 0.003125 0.0109375
0 0.21953125 0.38125 0.003125 0.01484375
0 0.1875 0.47890625 0.0046875 0.00859375
0 0.18828125 0.4640625 0.0046875 0.00703125
0 0.21484375 0.46328125 0.0046875 0.00390625
0 0.24296875 0.4734375 0.003125 0.0046875
0 0.278125 0.47734375 0.00390625 0.003125
0 0.27421875 0.50234375 0.003125 0.00703125
0 0.25 0.553125 0.0046875 0.003125
0 0.24375 0.58828125 0.00390625 0.003125
0 0.8 0.33984375 0.00234375 0.0046875
0 0.80234375 0.346875 0.003125 0.0015625
0 0.8296875 0.37421875 0.00390625 0.003125
0 0.87734375 0.39375 0.003125 0.00546875
0 0.80234375 0.3078125 0.00234375 0.0046875
0 0.8125 0.37578125 0.003125 0.003125
0 0.1984375 0.58984375 0.003125 0.00703125
0 0.14921875 0.56875 0.0015625 0.0046875
0 0.10546875 0.53515625 0.00390625 0.0046875
0 0.18671875 0.4328125 0.0015625 0.00546875
0 0.3109375 0.39453125 0.00390625 0.00625
0 0.1484375 0.4609375 0.00390625 0.00546875
0 0.13203125 0.471875 0.00546875 0.00546875
0 0.1390625 0.47109375 0.00546875 0.0125
0 0.26875 0.34921875 0.00625 0.00546875
0 0.275 0.359375 0.0046875 0.00625
0 0.0546875 0.5328125 0.0046875 0.00390625
0 0.075 0.51171875 0.00703125 0.00703125
0 0.19609375 0.44375 0.0015625 0.00546875
0 0.21875 0.41796875 0.0015625 0.0078125
0 0.19921875 0.41953125 0.00390625 0.00625
0 0.18359375 0.421875 0.0046875 0.00859375
0 0.46328125 0.50078125 0.0046875 0.01328125