0 0.0421875 0.3046875 0.03515625 0.02421875
0 0.4078125 0.24453125 0.04140625 0.0171875
0 0.56484375 0.27265625 0.0296875 0.02578125
0 0.6640625 0.2828125 0.04140625 0.03359375
0 0.7046875 0.26953125 0.01875 0.0171875
0 0.73046875 0.265625 0.02578125 0.0265625
0 0.765625 0.265625 0.01796875 0.0078125
0 0.76796875 0.27890625 0.0203125 0.00859375
0 0.79453125 0.28984375 0.01484375 0.0140625
0 0.80625 0.27421875 0.00859375 0.009375
0 0.734375 0.24140625 0.015625 0.01328125
0 0.7171875 0.2125 0.0109375 0.01328125
0 0.6546875 0.23046875 0.025 0.01171875
0 0.62578125 0.253125 0.00859375 0.00859375
0 0.59765625 0.2390625 0.01328125 0.0125
0 0.53046875 0.12421875 0.01640625 0.01640625
0 0.45703125 0.08125 0.021875 0.0140625
0 0.43203125 0.0765625 0.01015625 0.00625
0 0.434375 0.1421875 0.021875 0.00859375
0 0.434375 0.1234375 0.00703125 0.00703125
0 0.596875 0.1109375 0.009375 0.0046875
0 0.13515625 0.24765625 0.0171875 0.00859375
0 0.11484375 0.32421875 0.01640625 0.01015625
0 0.1890625 0.35 0.009375 0.00703125
0 0.74140625 0.29921875 0.0234375 0.01015625
0 0.7359375 0.3625 0.0171875 0.01328125
0 0.90625 0.31953125 0.0171875 0.01875
0 0.9546875 0.33203125 0.0265625 0.021875
0 0.97734375 0.34140625 0.01171875 0.01171875
0 0.909375 0.27109375 0.015625 0.01484375
0 0.88984375 0.27265625 0.009375 0.015625
0 0.75390625 0.34921875 0.0109375 0.009375
0 0.84453125 0.32421875 0.01171875 0.0078125
0 0.85390625 0.34375 0.01328125 0.01015625
0 0.75078125 0.284375 0.01015625 0.0140625
0 0.51640625 0.25703125 0.01015625 0.0125
0 0.5421875 0.26171875 0.00859375 0.00859375
0 0.603125 0.2640625 0.0078125 0.00703125
0 0.61015625 0.27734375 0.00703125 0.00625
0 0.63671875 0.27734375 0.01015625 0.0203125
0 0.55390625 0.30390625 0.01171875 0.00859375
0 0.784375 0.3296875 0.009375 0.00625
0 0.74609375 0.371875 0.0140625 0.00625
0 0.8921875 0.3546875 0.00703125 0.01015625
0 0.96328125 0.35234375 0.01015625 0.01796875
0 0.93203125 0.2890625 0.0046875 0.01015625
0 0.8921875 0.284375 0.00546875 0.00625
0 0.75 0.1984375 0.00703125 0.0078125
0 0.66171875 0.24765625 0.0109375 0.0046875
0 0.565625 0.2203125 0.01171875 0.00703125
0 0.56484375 0.23828125 0.00859375 0.00703125
0 0.43125 0.06640625 0.0125 0.00703125
0 0.79296875 0.27109375 0.00703125 0.01015625
0 0.79140625 0.33984375 0.009375 0.00703125
0 0.81171875 0.33046875 0.00703125 0.00625
0 0.81875 0.33671875 0.00703125 0.00625
0 0.8734375 0.27421875 0.0078125 0.00546875
0 0.940625 0.29609375 0.0078125 0.00859375
0 0.93359375 0.33046875 0.00703125 0.00625
0 0.91796875 0.33203125 0.00703125 0.00234375
0 0.9046875 0.33125 0.00859375 0.0046875
0 0.81015625 0.29921875 0.00625 0.0046875
0 0.78515625 0.3 0.00859375 0.00859375
0 0.7671875 0.290625 0.01171875 0.00625
0 0.78046875 0.2828125 0.009375 0.00625
0 0.65234375 0.32890625 0.00625 0.00625
0 0.621875 0.3015625 0.003125 0.00625
0 0.60390625 0.3 0.00703125 0.0046875
0 0.62578125 0.275 0.0046875 0.00625