0 0.35625 0.35703125 0.040625 0.0328125
0 0.4109375 0.3921875 0.0484375 0.01796875
0 0.08359375 0.40078125 0.01015625 0.00703125
0 0.04296875 0.371875 0.01640625 0.0078125
0 0.05078125 0.36015625 0.00859375 0.00703125
0 0.15546875 0.35078125 0.02578125 0.0125
0 0.16171875 0.3328125 0.01796875 0.01328125
0 0.1703125 0.2984375 0.01171875 0.0078125
0 0.19140625 0.3109375 0.01796875 0.01328125
0 0.2 0.28828125 0.0171875 0.0109375
0 0.24609375 0.2734375 0.04375 0.02890625
0 0.2671875 0.3046875 0.01953125 0.009375
0 0.2125 0.30625 0.02109375 0.009375
0 0.28125 0.2421875 0.0203125 0.01328125
0 0.32265625 0.2671875 0.01171875 0.0078125
0 0.36484375 0.4109375 0.0203125 0.00859375
0 0.4484375 0.33125 0.0109375 0.00625
0 0.5203125 0.2953125 0.0125 0.00703125
0 0.4828125 0.27109375 0.01015625 0.00625
0 0.43359375 0.27109375 0.0140625 0.0125
0 0.41953125 0.275 0.0078125 0.0046875
0 0.41484375 0.24375 0.02421875 0.0109375
0 0.45859375 0.22265625 0.0265625 0.02109375
0 0.49921875 0.24375 0.0140625 0.0078125
0 0.63671875 0.29375 0.0109375 0.00703125
0 0.6796875 0.2890625 0.01953125 0.0125
0 0.6515625 0.27265625 0.01640625 0.01328125
0 0.67890625 0.24921875 0.01953125 0.00859375
0 0.83125 0.3171875 0.01875 0.01328125
0 0.590625 0.18515625 0.009375 0.00546875
0 0.59296875 0.19296875 0.0078125 0.0046875
0 0.6375 0.1421875 0.01875 0.01015625