0 0.5625 0.32265625 0.05078125 0.05078125
0 0.55234375 0.26015625 0.021875 0.0234375
0 0.64609375 0.30625 0.03359375 0.03203125
0 0.6125 0.31015625 0.0203125 0.025
0 0.43984375 0.3046875 0.034375 0.03046875
0 0.48125 0.26796875 0.0109375 0.015625
0 0.51953125 0.28125 0.0125 0.0046875
0 0.40234375 0.13984375 0.021875 0.01640625
0 0.85546875 0.378125 0.01640625 0.01640625
0 0.9171875 0.4 0.04921875 0.02734375
0 0.66484375 0.43046875 0.03125 0.025
0 0.51796875 0.2796875 0.021875 0.01875
0 0.6859375 0.321875 0.0296875 0.021875
0 0.72578125 0.3390625 0.01796875 0.01953125
0 0.85859375 0.32265625 0.015625 0.009375
0 0.63125 0.240625 0.0171875 0.0140625
0 0.64921875 0.27578125 0.0171875 0.01171875
0 0.66171875 0.34609375 0.00703125 0.0046875
0 0.24609375 0.13203125 0.01484375 0.0171875
0 0.58046875 0.27109375 0.0140625 0.0078125
0 0.8 0.40703125 0.0046875 0.0078125
0 0.84609375 0.42109375 0.01171875 0.0078125
0 0.92265625 0.4171875 0.01328125 0.00546875
0 0.9421875 0.4078125 0.01796875 0.0078125
0 0.7375 0.321875 0.01484375 0.0140625
0 0.68125 0.409375 0.0140625 0.00859375
0 0.55546875 0.37890625 0.00859375 0.00703125
0 0.6859375 0.30625 0.025 0.00859375
0 0.3234375 0.36953125 0.021875 0.0109375