0 0.29453125 0.090625 0.009375 0.0078125
0 0.36953125 0.0765625 0.0109375 0.0078125
0 0.39765625 0.07578125 0.0125 0.009375
0 0.44140625 0.0875 0.00625 0.00625
0 0.44765625 0.1359375 0.01171875 0.009375
0 0.45703125 0.13046875 0.009375 0.01015625
0 0.478125 0.08359375 0.00625 0.00703125
0 0.5015625 0.10625 0.01484375 0.0109375
0 0.5125 0.0890625 0.00859375 0.00703125
0 0.2875 0.07421875 0.00859375 0.00625
0 0.36015625 0.20390625 0.009375 0.0125
0 0.371875 0.203125 0.009375 0.0078125
0 0.27890625 0.21796875 0.009375 0.00703125
0 0.309375 0.25 0.0203125 0.00859375
0 0.57265625 0.22578125 0.01796875 0.015625
0 0.52734375 0.24140625 0.01015625 0.01015625
0 0.5328125 0.275 0.00625 0.0046875
0 0.5828125 0.284375 0.009375 0.01171875
0 0.6203125 0.2546875 0.0140625 0.015625
0 0.5640625 0.1265625 0.0125 0.01171875
0 0.59375 0.12578125 0.009375 0.00703125
0 0.4875 0.10859375 0.01015625 0.0078125
0 0.48828125 0.1015625 0.00859375 0.00546875
0 0.5125 0.10859375 0.003125 0.0140625
0 0.2828125 0.02109375 0.0046875 0.009375
0 0.34609375 0.09765625 0.003125 0.003125
0 0.775 0.38046875 0.01875 0.01328125
0 0.6859375 0.3453125 0.00703125 0.00546875
0 0.56875 0.4046875 0.01328125 0.01171875
0 0.4921875 0.4 0.02109375 0.0109375
0 0.52109375 0.38671875 0.01640625 0.00625
0 0.3140625 0.24296875 0.01640625 0.00703125
0 0.38125 0.20859375 0.00703125 0.009375
0 0.31328125 0.22890625 0.0109375 0.00625
0 0.453125 0.103125 0.00703125 0.0078125
0 0.4515625 0.0671875 0.01015625 0.00625
0 0.48671875 0.1234375 0.0078125 0.00390625
0 0.5265625 0.16328125 0.01171875 0.00546875
0 0.47265625 0.30078125 0.009375 0.00703125
0 0.4078125 0.2578125 0.0046875 0.00625
0 0.340625 0.22890625 0.0046875 0.003125
0 0.39453125 0.23671875 0.003125 0.003125
0 0.52109375 0.23203125 0.0046875 0.00390625
0 0.63046875 0.2765625 0.003125 0.00390625
0 0.5921875 0.296875 0.00390625 0.00546875
0 0.56796875 0.2953125 0.0046875 0.00390625
0 0.63046875 0.25859375 0.003125 0.0109375
0 0.51640625 0.12109375 0.0046875 0.00390625
0 0.5 0.11875 0.0046875 0.003125
0 0.49375 0.121875 0.003125 0.00625
0 0.46953125 0.11328125 0.00546875 0.00390625
0 0.47890625 0.11015625 0.0046875 0.00546875
0 0.42578125 0.12421875 0.0078125 0.0078125
0 0.41328125 0.14609375 0.00625 0.00390625
0 0.434375 0.1203125 0.00625 0.0046875
0 0.471875 0.12578125 0.00625 0.00390625
0 0.53671875 0.11953125 0.00390625 0.0046875
0 0.47109375 0.1359375 0.0046875 0.00390625
0 0.46015625 0.13984375 0.00625 0.00390625
0 0.5 0.0875 0.003125 0.0015625
0 0.49453125 0.09453125 0.00390625 0.00390625
0 0.48515625 0.096875 0.003125 0.00234375
0 0.46875 0.09609375 0.0046875 0.00234375
0 0.44921875 0.096875 0.00390625 0.003125
0 0.453125 0.090625 0.0046875 0.003125
0 0.5203125 0.07109375 0.00546875 0.003125
0 0.5015625 0.078125 0.00390625 0.003125
0 0.50546875 0.08359375 0.0046875 0.00390625
0 0.51953125 0.07734375 0.00390625 0.003125
0 0.525 0.0828125 0.00390625 0.003125
0 0.5203125 0.0875 0.003125 0.00234375
0 0.52109375 0.09375 0.00234375 0.003125
0 0.52421875 0.0890625 0.003125 0.00390625
0 0.54453125 0.08828125 0.00546875 0.0046875
0 0.53125 0.08515625 0.00390625 0.0046875
0 0.53046875 0.07890625 0.00546875 0.00390625
0 0.51015625 0.0984375 0.00546875 0.003125
0 0.4984375 0.1 0.00546875 0.00234375
0 0.49609375 0.11484375 0.0046875 0.00234375
0 0.50546875 0.11484375 0.00546875 0.00546875
0 0.509375 0.1203125 0.0046875 0.00390625
0 0.51796875 0.11796875 0.00703125 0.003125
0 0.5171875 0.10390625 0.00390625 0.00390625
0 0.5265625 0.09609375 0.00390625 0.0046875
0 0.53359375 0.10703125 0.00390625 0.00390625
0 0.54140625 0.1125 0.00390625 0.003125
0 0.54921875 0.1234375 0.01015625 0.003125
0 0.53125 0.1265625 0.0046875 0.003125
0 0.521875 0.12265625 0.00234375 0.003125
0 0.5125 0.13125 0.00390625 0.003125
0 0.52265625 0.11640625 0.0046875 0.0015625
0 0.47578125 0.12109375 0.0046875 0.003125
0 0.525 0.13203125 0.003125 0.00234375
0 0.5421875 0.13203125 0.0046875 0.003125
0 0.55703125 0.146875 0.003125 0.003125
0 0.4703125 0.15390625 0.003125 0.00234375
0 0.41953125 0.134375 0.00234375 0.003125
0 0.37578125 0.1515625 0.00234375 0.00234375
0 0.3859375 0.12109375 0.00390625 0.0046875
0 0.43671875 0.1046875 0.00234375 0.00234375
0 0.415625 0.0953125 0.00390625 0.003125
0 0.43828125 0.09765625 0.00234375 0.00234375
0 0.3609375 0.115625 0.003125 0.00234375
0 0.36484375 0.11796875 0.00234375 0.0015625
0 0.3671875 0.12578125 0.00234375 0.0015625
0 0.3765625 0.1375 0.00234375 0.00234375
0 0.30390625 0.0875 0.003125 0.003125
0 0.2984375 0.0765625 0.003125 0.0015625
0 0.31875 0.090625 0.00546875 0.00546875
0 0.33828125 0.071875 0.003125 0.00390625
0 0.3640625 0.07109375 0.003125 0.003125
0 0.37734375 0.08671875 0.00234375 0.003125
0 0.3953125 0.090625 0.003125 0.003125
0 0.303125 0.078125 0.00234375 0.003125
0 0.29375 0.0828125 0.00390625 0.00234375
0 0.73671875 0.4625 0.01953125 0.01015625
0 0.3515625 0.46640625 0.01640625 0.00859375
0 0.7328125 0.30625 0.00703125 0.0078125
0 0.63046875 0.2765625 0.0078125 0.0140625
0 0.60078125 0.2546875 0.01015625 0.00859375
0 0.41171875 0.1765625 0.00625 0.00390625
0 0.2625 0.05390625 0.00625 0.0046875