0 0.4265625 0.6484375 0.01484375 0.009375
0 0.4875 0.68671875 0.0421875 0.0203125
0 0.5015625 0.63515625 0.0109375 0.00703125
0 0.52578125 0.553125 0.01953125 0.01171875
0 0.40234375 0.5328125 0.03203125 0.025
0 0.37109375 0.55625 0.0078125 0.00703125
0 0.3484375 0.546875 0.00703125 0.00703125
0 0.32734375 0.565625 0.01640625 0.01015625
0 0.32109375 0.52265625 0.0296875 0.0265625
0 0.2796875 0.53203125 0.04140625 0.0203125
0 0.26484375 0.5515625 0.00859375 0.00546875
0 0.2375 0.50859375 0.05859375 0.02109375
0 0.24296875 0.52578125 0.0109375 0.0078125
0 0.14296875 0.46328125 0.01171875 0.00859375
0 0.09609375 0.44296875 0.03203125 0.02890625
0 0.140625 0.50234375 0.02890625 0.0125
0 0.740625 0.5515625 0.00859375 0.0078125
0 0.759375 0.48984375 0.0109375 0.00859375
0 0.1015625 0.39375 0.025 0.01328125
0 0.0984375 0.353125 0.01328125 0.0125
0 0.1 0.3390625 0.01640625 0.01171875
0 0.11171875 0.31484375 0.01875 0.01328125
0 0.1578125 0.31328125 0.01875 0.01484375
0 0.1125 0.29453125 0.01171875 0.00859375
0 0.1375 0.28671875 0.0265625 0.0296875
0 0.11875 0.2765625 0.00859375 0.00703125
0 0.21484375 0.36640625 0.0234375 0.021875
0 0.25546875 0.4375 0.0078125 0.00859375
0 0.2625 0.446875 0.00546875 0.00625
0 0.6921875 0.25 0.01171875 0.0125
0 0.246875 0.25703125 0.01875 0.01328125
0 0.1578125 0.25234375 0.025 0.0125
0 0.25625 0.284375 0.02265625 0.0125
0 0.303125 0.25546875 0.01171875 0.01328125
0 0.2734375 0.2375 0.01953125 0.02109375
0 0.4046875 0.31796875 0.01796875 0.01171875
0 0.41640625 0.2734375 0.0125 0.009375
0 0.4125 0.15234375 0.025 0.01875
0 0.490625 0.18203125 0.0109375 0.01328125