0 0.215625 0.49921875 0.0109375 0.0171875
0 0.35546875 0.44140625 0.01015625 0.0140625
0 0.46796875 0.48671875 0.0109375 0.01328125
0 0.303125 0.52265625 0.02421875 0.02265625
0 0.325 0.546875 0.0140625 0.01484375
0 0.29453125 0.559375 0.00859375 0.01015625
0 0.31484375 0.55 0.00703125 0.01953125
0 0.26484375 0.4625 0.01875 0.021875
0 0.24140625 0.48046875 0.0046875 0.00859375
0 0.2328125 0.48671875 0.00546875 0.01328125
0 0.20859375 0.5125 0.0109375 0.00546875
0 0.3953125 0.44453125 0.00625 0.0109375
0 0.459375 0.47109375 0.0046875 0.0125
0 0.44765625 0.48984375 0.00546875 0.0078125
0 0.44921875 0.41015625 0.0046875 0.0078125
0 0.378125 0.42734375 0.0125 0.01171875
0 0.32109375 0.428125 0.00625 0.00703125
0 0.2921875 0.44140625 0.0046875 0.0046875
0 0.30390625 0.45859375 0.00625 0.00546875
0 0.35703125 0.4609375 0.00625 0.01015625
0 0.2703125 0.48359375 0.0078125 0.0109375
0 0.2265625 0.4765625 0.00625 0.01015625
0 0.203125 0.49921875 0.00703125 0.00859375
0 0.15234375 0.5203125 0.0046875 0.009375
0 0.16484375 0.54296875 0.003125 0.0046875
0 0.20078125 0.5390625 0.0046875 0.0078125
0 0.20625 0.52265625 0.0046875 0.00546875
0 0.2234375 0.4953125 0.00390625 0.0125
0 0.2484375 0.496875 0.00234375 0.00390625
0 0.246875 0.50546875 0.003125 0.0046875
0 0.2578125 0.4890625 0.00625 0.00859375
0 0.246875 0.4609375 0.0046875 0.00625
0 0.27734375 0.45703125 0.00390625 0.01328125
0 0.25078125 0.4703125 0.00546875 0.00703125
0 0.17890625 0.53359375 0.00390625 0.00859375
0 0.3046875 0.55546875 0.0078125 0.01328125
0 0.35078125 0.50703125 0.00625 0.00859375
0 0.39140625 0.478125 0.00625 0.0078125
0 0.35 0.4640625 0.003125 0.00625
0 0.53203125 0.3984375 0.0078125 0.01328125
0 0.47734375 0.38515625 0.00859375 0.0078125
0 0.490625 0.3953125 0.00390625 0.0046875
0 0.478125 0.45546875 0.009375 0.00859375
0 0.33203125 0.5109375 0.00234375 0.00625
0 0.3171875 0.5234375 0.003125 0.009375
0 0.2875 0.4765625 0.003125 0.00859375
0 0.284375 0.446875 0.0046875 0.00625
0 0.28203125 0.45390625 0.003125 0.0046875
0 0.26953125 0.4984375 0.0015625 0.0046875
0 0.2890625 0.5 0.0015625 0.00390625
0 0.29140625 0.50625 0.0046875 0.00546875
0 0.2125 0.55625 0.00234375 0.00390625
0 0.28828125 0.56796875 0.00234375 0.00546875
0 0.29453125 0.5515625 0.00234375 0.0046875
0 0.31640625 0.53359375 0.0015625 0.00546875
0 0.221875 0.4875 0.00625 0.00625
0 0.246875 0.48125 0.0015625 0.0078125
0 0.27578125 0.4734375 0.00234375 0.00859375
0 0.4703125 0.53046875 0.0046875 0.00859375
0 0.690625 0.4296875 0.00859375 0.00859375
0 0.86640625 0.50390625 0.00703125 0.0078125
0 0.81796875 0.46953125 0.00390625 0.009375
0 0.80625 0.47421875 0.00234375 0.003125
0 0.80703125 0.4859375 0.00390625 0.00390625
0 0.75859375 0.43203125 0.0015625 0.00625
0 0.74296875 0.440625 0.00390625 0.00390625
0 0.753125 0.4640625 0.003125 0.00546875
0 0.51953125 0.49140625 0.00234375 0.003125
0 0.528125 0.515625 0.0015625 0.003125
0 0.465625 0.38828125 0.0015625 0.00546875
0 0.43515625 0.39609375 0.0015625 0.003125
0 0.759375 0.46171875 0.003125 0.00234375
0 0.7671875 0.4625 0.00546875 0.0046875
0 0.7453125 0.44453125 0.003125 0.00234375
0 0.74375 0.41953125 0.0015625 0.003125
0 0.728125 0.4109375 0.0015625 0.00390625
0 0.51484375 0.4265625 0.003125 0.003125
0 0.47109375 0.3859375 0.00234375 0.00859375
0 0.428125 0.425 0.0015625 0.003125
0 0.4046875 0.43984375 0.00234375 0.003125
0 0.40078125 0.44921875 0.00234375 0.00546875
0 0.3234375 0.440625 0.00390625 0.00390625
0 0.315625 0.4375 0.00859375 0.00703125
0 0.2875 0.45 0.003125 0.003125
0 0.28046875 0.4625 0.0015625 0.00625
0 0.32109375 0.50859375 0.0015625 0.00390625
0 0.26328125 0.49375 0.00234375 0.00546875
0 0.2640625 0.48671875 0.00234375 0.0046875
0 0.253125 0.4640625 0.003125 0.00625
0 0.24921875 0.43828125 0.003125 0.0046875
0 0.2546875 0.44375 0.0015625 0.00234375
0 0.2578125 0.45 0.00703125 0.003125
0 0.26328125 0.4359375 0.00234375 0.00390625
0 0.2171875 0.47578125 0.00078125 0.00234375
0 0.21640625 0.48125 0.00078125 0.00390625