0 0.47734375 0.29921875 0.02265625 0.01875
0 0.44765625 0.37734375 0.01796875 0.02265625
0 0.48828125 0.33515625 0.01953125 0.01640625
0 0.440625 0.33359375 0.01015625 0.0140625
0 0.4703125 0.246875 0.01484375 0.009375
0 0.509375 0.2703125 0.01953125 0.0171875
0 0.48359375 0.2015625 0.01015625 0.0140625
0 0.48515625 0.22421875 0.01328125 0.009375
0 0.5109375 0.14375 0.01796875 0.0109375
0 0.44921875 0.1875 0.01953125 0.00625
0 0.49453125 0.1703125 0.00859375 0.0046875
0 0.53125 0.16796875 0.00859375 0.00625
0 0.41875 0.2578125 0.0203125 0.02734375
0 0.53203125 0.253125 0.01171875 0.00859375
0 0.55546875 0.2890625 0.00625 0.0078125
0 0.55703125 0.12265625 0.00859375 0.00546875
0 0.53515625 0.2265625 0.0109375 0.00625
0 0.5203125 0.2265625 0.00703125 0.00625
0 0.49296875 0.19609375 0.00546875 0.00625
0 0.54296875 0.31484375 0.00625 0.00390625
0 0.54375 0.321875 0.00703125 0.00390625
0 0.55390625 0.26796875 0.003125 0.0046875
0 0.3203125 0.23828125 0.0125 0.00546875
0 0.34453125 0.2375 0.00625 0.00625
0 0.3765625 0.234375 0.00859375 0.0046875
0 0.50390625 0.4421875 0.0046875 0.00234375
0 0.43828125 0.44921875 0.00859375 0.0046875
0 0.56796875 0.33984375 0.003125 0.003125