0 0.1203125 0.2296875 0.021875 0.00703125
0 0.09453125 0.23203125 0.00546875 0.003125
0 0.60625 0.19296875 0.01171875 0.0078125
0 0.88125 0.2078125 0.01328125 0.0078125
0 0.8875 0.2015625 0.00625 0.003125
0 0.9078125 0.18203125 0.00859375 0.00390625
0 0.921875 0.1890625 0.009375 0.0046875
0 0.93125 0.19765625 0.0109375 0.0046875
0 0.9640625 0.215625 0.01484375 0.0078125
0 0.9703125 0.203125 0.00625 0.00390625
0 0.94921875 0.23046875 0.00859375 0.0046875
0 0.97109375 0.24765625 0.0125 0.0078125
0 0.98515625 0.2265625 0.00859375 0.0046875
0 0.634375 0.14765625 0.0046875 0.00390625
0 0.62890625 0.14765625 0.00546875 0.00390625