0 0.45390625 0.57265625 0.0328125 0.0359375
0 0.5 0.5453125 0.02890625 0.01640625
0 0.71484375 0.52890625 0.05390625 0.01796875
0 0.74296875 0.46640625 0.0265625 0.03359375
0 0.4484375 0.39140625 0.034375 0.02109375
0 0.42265625 0.4140625 0.02890625 0.0125
0 0.36328125 0.4125 0.0234375 0.0125
0 0.13359375 0.3890625 0.0296875 0.015625
0 0.11328125 0.4703125 0.04296875 0.0171875
0 0.2453125 0.4859375 0.01328125 0.01484375
0 0.203125 0.521875 0.015625 0.0078125
0 0.38203125 0.55703125 0.05859375 0.01796875
0 0.40625 0.52265625 0.0203125 0.01875
0 0.4765625 0.5171875 0.0125 0.0140625
0 0.66875 0.6265625 0.0328125 0.0234375
0 0.63046875 0.66875 0.0609375 0.025
0 0.703125 0.665625 0.01875 0.0140625
0 0.78984375 0.66484375 0.0265625 0.0125
0 0.7078125 0.59765625 0.003125 0.009375
0 0.5375 0.6625 0.028125 0.01640625
0 0.48984375 0.6703125 0.015625 0.01484375
0 0.55703125 0.6921875 0.0328125 0.01328125
0 0.89609375 0.615625 0.015625 0.0125
0 0.92109375 0.6265625 0.02109375 0.0109375
0 0.828125 0.6609375 0.0171875 0.0125
0 0.76015625 0.6125 0.00859375 0.0109375
0 0.7125 0.625 0.0171875 0.0125
0 0.66640625 0.65546875 0.0078125 0.0078125
0 0.5578125 0.62265625 0.01875 0.0078125
0 0.5765625 0.6640625 0.00859375 0.015625
0 0.6 0.65078125 0.0125 0.00625
0 0.63515625 0.65234375 0.02109375 0.00703125
0 0.64453125 0.628125 0.00546875 0.00859375
0 0.65390625 0.6421875 0.0078125 0.00546875
0 0.59609375 0.6671875 0.00859375 0.01484375
0 0.55859375 0.6609375 0.00625 0.01640625
0 0.52734375 0.64296875 0.00546875 0.00625
0 0.49296875 0.609375 0.01015625 0.0078125
0 0.61796875 0.56640625 0.00390625 0.00703125
0 0.6875 0.56796875 0.0078125 0.00625
0 0.72578125 0.49296875 0.0109375 0.00703125
0 0.69921875 0.50703125 0.0078125 0.00859375
0 0.78203125 0.496875 0.0078125 0.0078125
0 0.7890625 0.46796875 0.00625 0.00859375
0 0.8015625 0.48203125 0.01484375 0.01484375
0 0.628125 0.4890625 0.009375 0.00859375
0 0.52734375 0.46953125 0.0109375 0.00859375
0 0.55078125 0.2703125 0.03125 0.01484375
0 0.14296875 0.453125 0.0109375 0.00546875
0 0.15703125 0.47734375 0.01171875 0.00859375
0 0.1984375 0.47265625 0.00703125 0.01015625
0 0.72734375 0.67265625 0.01953125 0.0046875
0 0.97109375 0.628125 0.01015625 0.0109375
0 0.89765625 0.58046875 0.00625 0.00703125
0 0.7671875 0.465625 0.0125 0.01328125
0 0.66015625 0.50390625 0.01015625 0.00625
0 0.66796875 0.52109375 0.00703125 0.00546875
0 0.725 0.51640625 0.02109375 0.00625
0 0.71015625 0.49921875 0.00546875 0.0109375
0 0.34921875 0.52578125 0.01328125 0.0046875
0 0.35390625 0.53828125 0.00859375 0.00703125
0 0.4203125 0.50703125 0.00703125 0.00625
0 0.3421875 0.5984375 0.00625 0.0046875
0 0.39765625 0.59453125 0.00390625 0.00859375
0 0.31015625 0.50234375 0.009375 0.0046875
0 0.26015625 0.484375 0.00859375 0.0078125
0 0.2953125 0.4484375 0.0109375 0.0140625
0 0.70078125 0.48984375 0.00859375 0.01328125
0 0.54140625 0.35078125 0.01015625 0.00625
0 0.1453125 0.4328125 0.01171875 0.00625
0 0.23046875 0.50390625 0.00625 0.00625