0 0.72109375 0.7328125 0.01484375 0.00859375
0 0.61015625 0.684375 0.04296875 0.021875
0 0.63359375 0.63984375 0.0546875 0.02265625
0 0.5984375 0.7609375 0.0203125 0.015625
0 0.63359375 0.7875 0.01796875 0.009375
0 0.6640625 0.778125 0.01171875 0.01015625
0 0.68671875 0.7703125 0.01875 0.01328125
0 0.609375 0.803125 0.01328125 0.0109375
0 0.57890625 0.79140625 0.0421875 0.02578125
0 0.53046875 0.8046875 0.01796875 0.0109375
0 0.48046875 0.803125 0.01171875 0.00546875
0 0.4703125 0.746875 0.0171875 0.01328125
0 0.42890625 0.715625 0.015625 0.009375
0 0.42890625 0.74765625 0.028125 0.02109375
0 0.24765625 0.72578125 0.02265625 0.01171875
0 0.221875 0.66640625 0.01328125 0.0078125
0 0.41640625 0.6140625 0.01328125 0.01328125
0 0.36328125 0.6390625 0.0125 0.00859375
0 0.40625 0.6328125 0.01171875 0.0078125
0 0.56796875 0.36171875 0.01796875 0.0171875
0 0.7546875 0.33515625 0.01328125 0.00859375
0 0.73984375 0.2625 0.02734375 0.03515625
0 0.64375 0.453125 0.0328125 0.02109375
0 0.69296875 0.446875 0.009375 0.00625
0 0.7046875 0.4671875 0.009375 0.00625
0 0.74296875 0.46796875 0.015625 0.01796875
0 0.7 0.50546875 0.04609375 0.034375
0 0.7671875 0.54453125 0.06953125 0.08359375
0 0.8453125 0.69765625 0.034375 0.04140625
0 0.8234375 0.65859375 0.0171875 0.01171875
0 0.8609375 0.63125 0.03515625 0.04609375
0 0.3984375 0.24375 0.01171875 0.009375
0 0.31953125 0.28359375 0.0078125 0.0046875
0 0.14140625 0.5078125 0.0125 0.0078125
0 0.49140625 0.721875 0.0171875 0.01015625