0 0.23046875 0.6859375 0.0203125 0.0140625
0 0.27578125 0.7046875 0.0171875 0.0109375
0 0.28984375 0.66953125 0.0140625 0.009375
0 0.32421875 0.6875 0.02890625 0.01640625
0 0.3703125 0.703125 0.0171875 0.01328125
0 0.29453125 0.74296875 0.00703125 0.00625
0 0.296875 0.7328125 0.00703125 0.00625
0 0.30703125 0.7390625 0.00703125 0.00546875
0 0.35390625 0.7390625 0.00703125 0.00546875
0 0.384375 0.7203125 0.0078125 0.0046875
0 0.37578125 0.721875 0.0046875 0.003125
0 0.38125 0.715625 0.00234375 0.00234375
0 0.38671875 0.71484375 0.00234375 0.00234375
0 0.4109375 0.66328125 0.021875 0.01328125
0 0.43359375 0.62109375 0.01015625 0.0046875
0 0.421875 0.61484375 0.0203125 0.0109375
0 0.465625 0.6234375 0.0078125 0.003125
0 0.46328125 0.66015625 0.01796875 0.009375
0 0.50390625 0.6515625 0.0203125 0.01171875
0 0.48671875 0.675 0.03671875 0.03046875
0 0.54375 0.6390625 0.0078125 0.00546875
0 0.55390625 0.64609375 0.00625 0.0046875
0 0.56171875 0.6359375 0.00703125 0.00390625
0 0.55703125 0.609375 0.02421875 0.015625
0 0.584375 0.6296875 0.01015625 0.0078125
0 0.584375 0.6140625 0.02421875 0.015625
0 0.60546875 0.596875 0.021875 0.0171875
0 0.5234375 0.3609375 0.015625 0.009375
0 0.303125 0.1984375 0.0109375 0.00625
0 0.721875 0.38046875 0.01015625 0.01015625
0 0.7203125 0.38828125 0.0046875 0.003125
0 0.69921875 0.3921875 0.00390625 0.00390625
0 0.690625 0.375 0.003125 0.00234375
0 0.7078125 0.36796875 0.003125 0.003125
0 0.71796875 0.36484375 0.003125 0.00234375
0 0.29140625 0.05390625 0.003125 0.00234375
0 0.2984375 0.05390625 0.00390625 0.00234375
0 0.3046875 0.05234375 0.003125 0.00234375
0 0.30390625 0.04765625 0.00546875 0.003125
0 0.31796875 0.05078125 0.003125 0.00234375
0 0.29296875 0.0390625 0.003125 0.0015625