0 0.63125 0.0609375 0.0265625 0.015625
0 0.58671875 0.07890625 0.02421875 0.01328125
0 0.5859375 0.11875 0.0265625 0.028125
0 0.546875 0.14140625 0.01796875 0.01640625
0 0.571875 0.19296875 0.015625 0.01875
0 0.615625 0.23515625 0.0234375 0.028125
0 0.55 0.22734375 0.015625 0.015625
0 0.53984375 0.26171875 0.02109375 0.0265625
0 0.47734375 0.38515625 0.0296875 0.02578125
0 0.47109375 0.3125 0.0203125 0.0265625
0 0.51328125 0.3125 0.01484375 0.01015625
0 0.5578125 0.32578125 0.02890625 0.02265625
0 0.5890625 0.25703125 0.01484375 0.01328125
0 0.51953125 0.159375 0.01015625 0.009375
0 0.50859375 0.11953125 0.0078125 0.00703125
0 0.53125 0.08046875 0.009375 0.00625
0 0.53046875 0.08984375 0.00625 0.00390625
0 0.49921875 0.1515625 0.0078125 0.00625
0 0.503125 0.2 0.01171875 0.009375
0 0.49921875 0.2421875 0.015625 0.009375
0 0.52265625 0.25 0.00625 0.01640625
0 0.390625 0.5296875 0.01796875 0.0125
0 0.62578125 0.10625 0.01015625 0.01171875
0 0.51484375 0.178125 0.003125 0.0046875
0 0.51953125 0.1984375 0.00625 0.00625
0 0.69453125 0.35859375 0.00625 0.00859375
0 0.5171875 0.059375 0.00546875 0.00390625
0 0.54296875 0.08515625 0.0046875 0.00625
0 0.4453125 0.43203125 0.00703125 0.00625
0 0.40625 0.50703125 0.00234375 0.003125
0 0.42109375 0.5078125 0.00625 0.00390625
0 0.5109375 0.22734375 0.01171875 0.00703125
0 0.49765625 0.2140625 0.00703125 0.0078125
0 0.521875 0.2984375 0.01640625 0.0078125
0 0.53203125 0.2296875 0.01171875 0.0046875
0 0.51640625 0.1890625 0.01640625 0.00546875