0 0.1265625 0.2734375 0.015625 0.0109375
0 0.11328125 0.2734375 0.0078125 0.00546875
0 0.05625 0.28671875 0.01171875 0.01015625
0 0.071875 0.32890625 0.01875 0.01171875
0 0.059375 0.35078125 0.0125 0.0109375
0 0.05078125 0.33359375 0.0140625 0.0125
0 0.06484375 0.2671875 0.0125 0.0078125
0 0.09609375 0.284375 0.00390625 0.003125
0 0.08203125 0.2453125 0.0125 0.00859375
0 0.06640625 0.21640625 0.009375 0.00625
0 0.09921875 0.2046875 0.0203125 0.01171875
0 0.1328125 0.20078125 0.009375 0.00625
0 0.10703125 0.18203125 0.01015625 0.00703125
0 0.14765625 0.175 0.0140625 0.00859375
0 0.04765625 0.26953125 0.01640625 0.009375
0 0.0765625 0.18203125 0.003125 0.003125
0 0.07109375 0.184375 0.00390625 0.00234375
0 0.0734375 0.178125 0.00390625 0.003125
0 0.20625 0.52109375 0.0140625 0.00625
0 0.1984375 0.515625 0.00390625 0.00234375
0 0.19765625 0.51875 0.003125 0.00234375
0 0.209375 0.50703125 0.003125 0.00234375
0 0.22421875 0.50859375 0.003125 0.003125
0 0.22109375 0.528125 0.0046875 0.003125
0 0.33046875 0.44296875 0.021875 0.0140625
0 0.6390625 0.41640625 0.0109375 0.00625
0 0.7953125 0.6015625 0.0125 0.00859375
0 0.7828125 0.6 0.00546875 0.003125
0 0.8703125 0.4984375 0.003125 0.00234375
0 0.86796875 0.50390625 0.00390625 0.00234375
0 0.871875 0.5109375 0.009375 0.00625
0 0.86875 0.52109375 0.0046875 0.00234375
0 0.8765625 0.52265625 0.00234375 0.00234375
0 0.88046875 0.51328125 0.00546875 0.00390625
0 0.9 0.5109375 0.0078125 0.0046875