0 0.475 0.38671875 0.03828125 0.0484375
0 0.5375 0.41328125 0.06875 0.0390625
0 0.540625 0.44765625 0.04140625 0.021875
0 0.540625 0.475 0.03046875 0.0171875
0 0.565625 0.5515625 0.02734375 0.01875
0 0.58203125 0.58515625 0.0359375 0.021875
0 0.415625 0.3203125 0.0359375 0.02890625
0 0.4734375 0.31875 0.009375 0.01484375
0 0.5234375 0.35 0.0203125 0.0140625
0 0.584375 0.3765625 0.01796875 0.0140625
0 0.48125 0.34609375 0.0125 0.01328125
0 0.4265625 0.49375 0.02265625 0.01796875
0 0.5765625 0.1796875 0.025 0.015625
0 0.4640625 0.10625 0.0125 0.0140625
0 0.43828125 0.12734375 0.0171875 0.01328125
0 0.2734375 0.3109375 0.01328125 0.01484375