0 0.46171875 0.259375 0.0234375 0.02578125
0 0.440625 0.28671875 0.021875 0.01796875
0 0.38515625 0.2859375 0.01796875 0.01953125
0 0.19609375 0.36484375 0.02109375 0.01875
0 0.18359375 0.2765625 0.02421875 0.0171875
0 0.30703125 0.37109375 0.015625 0.01171875
0 0.42421875 0.4328125 0.01796875 0.01796875
0 0.43984375 0.396875 0.021875 0.01640625
0 0.48359375 0.44296875 0.025 0.025
0 0.51953125 0.41796875 0.0234375 0.01796875
0 0.6875 0.39609375 0.03828125 0.0234375
0 0.7140625 0.33828125 0.0171875 0.028125
0 0.7609375 0.35 0.0171875 0.01640625
0 0.6484375 0.48125 0.02578125 0.02109375
0 0.73515625 0.5125 0.0203125 0.01328125
0 0.75546875 0.50234375 0.01171875 0.015625
0 0.8234375 0.46875 0.0265625 0.028125
0 0.653125 0.5296875 0.01640625 0.01015625
0 0.615625 0.51328125 0.0390625 0.02421875
0 0.6671875 0.509375 0.0109375 0.01015625
0 0.67734375 0.4796875 0.01171875 0.0140625
0 0.678125 0.45703125 0.00703125 0.00546875
0 0.6625 0.43203125 0.00703125 0.00546875
0 0.71640625 0.46796875 0.00703125 0.00859375
0 0.68125 0.51875 0.01640625 0.0140625
0 0.71875 0.509375 0.0078125 0.009375
0 0.54921875 0.515625 0.01796875 0.0109375
0 0.56328125 0.48125 0.01640625 0.00703125
0 0.52109375 0.5265625 0.01875 0.00546875
0 0.5671875 0.5453125 0.0171875 0.00859375
0 0.578125 0.51484375 0.0078125 0.015625
0 0.60859375 0.53515625 0.01171875 0.009375
0 0.64296875 0.50703125 0.0078125 0.01640625
0 0.28359375 0.41328125 0.01171875 0.01171875
0 0.23203125 0.36875 0.0078125 0.00625
0 0.29921875 0.3921875 0.00859375 0.009375
0 0.5484375 0.13203125 0.01640625 0.01015625
0 0.540625 0.21484375 0.00703125 0.00625
0 0.534375 0.34296875 0.0078125 0.0109375
0 0.49375 0.38984375 0.0140625 0.01171875
0 0.61875 0.36015625 0.00859375 0.01015625
0 0.69765625 0.359375 0.0078125 0.01640625
0 0.67734375 0.35703125 0.00703125 0.009375
0 0.68515625 0.3671875 0.00703125 0.0046875
0 0.67578125 0.375 0.0125 0.00625
0 0.7171875 0.39296875 0.015625 0.015625
0 0.74140625 0.328125 0.0109375 0.00859375
0 0.753125 0.3375 0.01015625 0.00546875
0 0.728125 0.3390625 0.00546875 0.0125
0 0.628125 0.534375 0.01015625 0.0078125
0 0.58828125 0.540625 0.0125 0.0078125
0 0.515625 0.4765625 0.009375 0.00703125
0 0.56328125 0.51875 0.00546875 0.009375
0 0.86953125 0.47890625 0.00703125 0.0078125
0 0.86484375 0.51015625 0.0109375 0.00625
0 0.82421875 0.43671875 0.00703125 0.00546875