0 0.60625 0.34296875 0.0125 0.0109375
0 0.3203125 0.21796875 0.021875 0.00859375
0 0.4109375 0.56328125 0.01796875 0.009375
0 0.4625 0.5859375 0.00703125 0.00390625
0 0.5203125 0.5671875 0.0203125 0.0125
0 0.50703125 0.55390625 0.0046875 0.00390625
0 0.746875 0.52265625 0.003125 0.003125
0 0.73671875 0.52578125 0.0046875 0.00234375
0 0.71640625 0.54453125 0.00546875 0.00390625
0 0.72265625 0.55234375 0.0046875 0.003125
0 0.7671875 0.55625 0.00859375 0.00859375
0 0.7390625 0.5453125 0.00703125 0.00546875
0 0.73203125 0.53671875 0.0078125 0.0109375
0 0.153125 0.19765625 0.003125 0.00234375
0 0.15859375 0.19765625 0.003125 0.00234375
0 0.13125 0.196875 0.0046875 0.0046875
0 0.13359375 0.19296875 0.00390625 0.00234375
0 0.13125 0.2015625 0.00546875 0.00390625
0 0.13046875 0.20625 0.003125 0.00234375
0 0.11484375 0.20390625 0.00234375 0.0015625
0 0.12890625 0.1921875 0.00234375 0.00234375
0 0.27265625 0.07421875 0.01171875 0.00625
0 0.2671875 0.065625 0.00703125 0.00703125
0 0.36171875 0.0703125 0.01328125 0.009375
0 0.35234375 0.0640625 0.00703125 0.003125
0 0.30234375 0.04765625 0.01171875 0.00625
0 0.32734375 0.0421875 0.01015625 0.00625
0 0.35859375 0.03984375 0.0109375 0.0046875
0 0.409375 0.0328125 0.015625 0.00703125
0 0.43515625 0.04609375 0.00625 0.0046875
0 0.46953125 0.04375 0.01015625 0.00625
0 0.43515625 0.028125 0.00703125 0.003125
0 0.378125 0.025 0.00703125 0.003125