0 0.46484375 0.509375 0.02734375 0.01875
0 0.4171875 0.48828125 0.0421875 0.01640625
0 0.4484375 0.4671875 0.0125 0.0078125
0 0.34140625 0.41875 0.00703125 0.0046875
0 0.25546875 0.39296875 0.01875 0.01015625
0 0.28828125 0.334375 0.0171875 0.01015625
0 0.4984375 0.46953125 0.01171875 0.009375
0 0.509375 0.496875 0.0140625 0.01015625
0 0.51640625 0.5046875 0.0046875 0.003125
0 0.48984375 0.59609375 0.01953125 0.01015625
0 0.521875 0.5671875 0.015625 0.00546875
0 0.60859375 0.5859375 0.02421875 0.015625
0 0.56328125 0.60625 0.05546875 0.02421875
0 0.78515625 0.6109375 0.009375 0.00625
0 0.6796875 0.5140625 0.04921875 0.0203125
0 0.73203125 0.47421875 0.02734375 0.025
0 0.44921875 0.3703125 0.01640625 0.0125
0 0.4984375 0.38046875 0.02109375 0.01171875
0 0.52421875 0.3671875 0.02421875 0.015625
0 0.33671875 0.1828125 0.01171875 0.00859375