0 0.48046875 0.365625 0.015625 0.0140625
0 0.5703125 0.340625 0.01015625 0.0125
0 0.57890625 0.2234375 0.02421875 0.0171875
0 0.3234375 0.21328125 0.046875 0.03125
0 0.415625 0.21171875 0.02890625 0.02421875
0 0.27265625 0.234375 0.0484375 0.03046875
0 0.3390625 0.2625 0.025 0.01953125
0 0.284375 0.284375 0.0171875 0.0140625
0 0.26640625 0.25859375 0.01171875 0.0078125
0 0.21875 0.21953125 0.0546875 0.0375
0 0.10078125 0.18828125 0.02421875 0.01796875
0 0.05234375 0.1734375 0.04453125 0.03203125
0 0.10859375 0.23125 0.03515625 0.02265625
0 0.92265625 0.12109375 0.02265625 0.02421875
0 0.84609375 0.11484375 0.01171875 0.01015625