0 0.29375 0.34140625 0.01328125 0.01953125
0 0.3421875 0.34296875 0.00859375 0.00859375
0 0.43984375 0.3546875 0.00703125 0.0078125
0 0.428125 0.39765625 0.01015625 0.01796875
0 0.41875 0.378125 0.00625 0.01328125
0 0.40390625 0.40390625 0.00625 0.00625
0 0.340625 0.39609375 0.00859375 0.009375
0 0.29375 0.4375 0.00703125 0.003125
0 0.2390625 0.4625 0.021875 0.02734375
0 0.26484375 0.5 0.01640625 0.0171875
0 0.25078125 0.49765625 0.00859375 0.0125
0 0.23203125 0.52109375 0.0125 0.01328125
0 0.25390625 0.46171875 0.00546875 0.009375
0 0.2546875 0.47890625 0.00390625 0.0078125
0 0.27265625 0.4453125 0.0046875 0.00546875
0 0.1796875 0.5390625 0.0109375 0.0078125
0 0.12265625 0.4953125 0.0078125 0.00859375
0 0.0625 0.48046875 0.00859375 0.0078125
0 0.06796875 0.46640625 0.00546875 0.00703125
0 0.09609375 0.4921875 0.00625 0.00625
0 0.0796875 0.50703125 0.00625 0.00625
0 0.12421875 0.45546875 0.0046875 0.009375
0 0.13203125 0.4546875 0.00625 0.009375
0 0.13828125 0.4359375 0.009375 0.0171875
0 0.15625 0.41328125 0.0078125 0.0171875
0 0.1453125 0.4 0.0078125 0.01015625
0 0.19296875 0.378125 0.0234375 0.02578125
0 0.19765625 0.40625 0.0125 0.01484375
0 0.10390625 0.503125 0.00703125 0.00703125
0 0.1234375 0.42890625 0.00546875 0.01015625
0 0.12109375 0.4375 0.009375 0.0046875
0 0.1296875 0.4390625 0.0046875 0.01171875
0 0.109375 0.46484375 0.00390625 0.003125
0 0.09453125 0.475 0.00234375 0.0015625
0 0.09453125 0.4796875 0.003125 0.003125
0 0.0875 0.44296875 0.003125 0.00390625
0 0.1734375 0.44296875 0.00546875 0.00546875
0 0.184375 0.41796875 0.01015625 0.0109375
0 0.16953125 0.4046875 0.009375 0.0109375
0 0.16640625 0.38671875 0.0078125 0.01015625
0 0.1765625 0.36875 0.00546875 0.0078125
0 0.22109375 0.34375 0.00546875 0.01015625
0 0.2359375 0.3671875 0.00859375 0.0109375
0 0.2546875 0.3203125 0.00703125 0.00703125
0 0.29921875 0.36875 0.01015625 0.0140625
0 0.32734375 0.36875 0.00625 0.0078125
0 0.21875 0.396875 0.00703125 0.0109375
0 0.20859375 0.37421875 0.003125 0.00546875
0 0.21328125 0.34921875 0.00546875 0.00625
0 0.20625 0.359375 0.003125 0.0046875
0 0.2140625 0.3671875 0.003125 0.00390625
0 0.2109375 0.36171875 0.0015625 0.0078125
0 0.1703125 0.37734375 0.003125 0.00390625
0 0.178125 0.38359375 0.0046875 0.00859375
0 0.184375 0.36171875 0.0046875 0.0046875
0 0.19921875 0.4296875 0.00234375 0.00546875
0 0.22265625 0.43203125 0.00234375 0.00390625
0 0.225 0.4390625 0.003125 0.0046875
0 0.26015625 0.38046875 0.00390625 0.00390625
0 0.3234375 0.31640625 0.01015625 0.0109375
0 0.32109375 0.328125 0.00546875 0.00625
0 0.275 0.3203125 0.0046875 0.00625
0 0.2515625 0.334375 0.0078125 0.00546875
0 0.22265625 0.3328125 0.00546875 0.0046875
0 0.43671875 0.25 0.009375 0.009375
0 0.49765625 0.26640625 0.0125 0.01484375
0 0.403125 0.2875 0.00390625 0.0046875
0 0.4515625 0.26484375 0.003125 0.00390625
0 0.22890625 0.3375 0.00546875 0.0046875
0 0.23828125 0.340625 0.0046875 0.0078125
0 0.290625 0.371875 0.00234375 0.0046875
0 0.421875 0.25703125 0.00390625 0.00625
0 0.4203125 0.27265625 0.003125 0.0046875
0 0.4234375 0.2734375 0.003125 0.00390625
0 0.4515625 0.25703125 0.003125 0.003125
0 0.41796875 0.25234375 0.00234375 0.003125
0 0.3765625 0.259375 0.00390625 0.0046875
0 0.67890625 0.30546875 0.00859375 0.0078125
0 0.7421875 0.2953125 0.00390625 0.003125
0 0.7578125 0.3125 0.003125 0.0046875
0 0.7390625 0.32265625 0.00234375 0.00390625
0 0.74296875 0.32890625 0.0046875 0.00390625
0 0.76640625 0.353125 0.00546875 0.00546875
0 0.75703125 0.35078125 0.0046875 0.0046875
0 0.82265625 0.36171875 0.00234375 0.00390625
0 0.81015625 0.36796875 0.003125 0.00390625
0 0.809375 0.38203125 0.003125 0.003125
0 0.7515625 0.3546875 0.003125 0.0046875
0 0.7734375 0.3484375 0.003125 0.00625
0 0.8765625 0.41171875 0.0046875 0.00625
0 0.4359375 0.54296875 0.0046875 0.00625
0 0.43125 0.46171875 0.0046875 0.01015625
0 0.49765625 0.4421875 0.003125 0.0046875
0 0.4875 0.40703125 0.003125 0.00546875
0 0.4828125 0.39453125 0.003125 0.00390625
0 0.24140625 0.51484375 0.00546875 0.00859375
0 0.2453125 0.50546875 0.0078125 0.00625
0 0.246875 0.51171875 0.0046875 0.003125
0 0.253125 0.51875 0.0109375 0.00625
0 0.25859375 0.4421875 0.003125 0.0046875
0 0.22421875 0.53515625 0.00390625 0.0046875
0 0.13671875 0.51796875 0.003125 0.0078125
0 0.1625 0.45859375 0.00390625 0.0046875
0 0.04921875 0.484375 0.0046875 0.00546875
0 0.1453125 0.43125 0.003125 0.00859375
0 0.171875 0.39375 0.003125 0.0078125
0 0.18515625 0.39609375 0.00546875 0.00703125
0 0.1953125 0.39453125 0.00546875 0.00546875
0 0.175 0.43125 0.00546875 0.0078125
0 0.14609375 0.4203125 0.01015625 0.0046875
0 0.76484375 0.42109375 0.00234375 0.00234375
0 0.78046875 0.4296875 0.0015625 0.0046875
0 0.8 0.37265625 0.0015625 0.003125
0 0.82421875 0.37734375 0.0015625 0.003125
0 0.8234375 0.35 0.0015625 0.003125
0 0.75078125 0.340625 0.00234375 0.00390625
0 0.71015625 0.29140625 0.00234375 0.0046875
0 0.3796875 0.31171875 0.003125 0.00390625
0 0.40390625 0.2953125 0.003125 0.003125
0 0.45859375 0.2859375 0.003125 0.0046875
0 0.46796875 0.26875 0.00390625 0.00546875
0 0.1703125 0.34921875 0.00546875 0.0078125
0 0.17734375 0.35390625 0.00234375 0.00703125
0 0.159375 0.37578125 0.00546875 0.00234375
0 0.171875 0.36953125 0.003125 0.00625