0 0.52734375 0.365625 0.0171875 0.01328125
0 0.52265625 0.3875 0.01328125 0.0125
0 0.47890625 0.3984375 0.009375 0.009375
0 0.5625 0.46796875 0.01015625 0.0046875
0 0.59765625 0.4515625 0.009375 0.0046875
0 0.5578125 0.4953125 0.0453125 0.01953125
0 0.61171875 0.49140625 0.02421875 0.0171875
0 0.62578125 0.46640625 0.009375 0.00625
0 0.63671875 0.46875 0.0046875 0.003125
0 0.37578125 0.49296875 0.0234375 0.0125
0 0.40625 0.4890625 0.00625 0.003125
0 0.45546875 0.47578125 0.0078125 0.00390625
0 0.459375 0.51171875 0.00859375 0.00390625
0 0.37578125 0.47109375 0.0046875 0.003125
0 0.2 0.284375 0.01171875 0.0078125
0 0.33515625 0.43359375 0.015625 0.0109375
0 0.6921875 0.53671875 0.015625 0.0078125
0 0.6859375 0.50625 0.01015625 0.00625
0 0.74765625 0.48984375 0.01953125 0.0140625
0 0.73828125 0.51875 0.040625 0.02734375
0 0.76875 0.52421875 0.0125 0.0078125