0 0.08046875 0.37578125 0.01953125 0.0109375
0 0.11484375 0.3390625 0.03671875 0.01953125
0 0.1421875 0.35078125 0.015625 0.0078125
0 0.13515625 0.35859375 0.02109375 0.00625
0 0.10390625 0.35625 0.015625 0.00625
0 0.2296875 0.365625 0.02421875 0.01484375
0 0.28828125 0.3734375 0.01875 0.00625
0 0.26171875 0.38828125 0.0109375 0.0078125
0 0.16171875 0.32578125 0.0078125 0.00546875
0 0.12734375 0.31875 0.01328125 0.00859375
0 0.2203125 0.3 0.0203125 0.01015625
0 0.24140625 0.3125 0.00703125 0.0046875
0 0.23359375 0.31640625 0.0046875 0.00234375
0 0.24296875 0.284375 0.0140625 0.0140625
0 0.275 0.29375 0.0078125 0.003125
0 0.28125 0.3421875 0.009375 0.00390625
0 0.384375 0.3046875 0.00625 0.003125
0 0.38671875 0.2921875 0.0140625 0.00859375
0 0.40859375 0.296875 0.01328125 0.00625
0 0.39453125 0.2796875 0.0125 0.003125
0 0.61640625 0.2140625 0.01015625 0.00234375
0 0.4109375 0.2328125 0.0109375 0.00703125
0 0.33359375 0.23046875 0.01015625 0.00390625
0 0.31796875 0.2578125 0.00703125 0.003125
0 0.153125 0.30078125 0.009375 0.0046875