0 0.5515625 0.2875 0.0328125 0.02265625
0 0.509375 0.39921875 0.02265625 0.01796875
0 0.45703125 0.4375 0.0171875 0.01953125
0 0.50703125 0.43125 0.01484375 0.01328125
0 0.496875 0.46328125 0.0234375 0.01953125
0 0.49921875 0.521875 0.02578125 0.01796875
0 0.52578125 0.4984375 0.0234375 0.01328125
0 0.4703125 0.5375 0.0125 0.0125
0 0.50625 0.553125 0.015625 0.01953125
0 0.47578125 0.57578125 0.0171875 0.0125
0 0.4859375 0.35078125 0.015625 0.0140625
0 0.52578125 0.3546875 0.01484375 0.01328125
0 0.5625 0.51484375 0.01484375 0.0046875
0 0.5453125 0.54609375 0.01875 0.00625
0 0.609375 0.14765625 0.01796875 0.01484375
0 0.3703125 0.35 0.01015625 0.00546875
0 0.47265625 0.41640625 0.0078125 0.009375
0 0.52734375 0.40859375 0.00703125 0.01171875
0 0.5484375 0.446875 0.01875 0.00546875
0 0.546875 0.48203125 0.0125 0.00703125
0 0.559375 0.35 0.0125 0.01328125