0 0.6984375 0.51015625 0.01875 0.0125
0 0.68359375 0.50078125 0.00703125 0.003125
0 0.6765625 0.51328125 0.0078125 0.003125
0 0.60390625 0.5265625 0.01640625 0.00859375
0 0.8265625 0.45234375 0.00625 0.00390625
0 0.83515625 0.45703125 0.0046875 0.003125
0 0.83515625 0.44296875 0.01015625 0.0078125
0 0.83359375 0.43359375 0.0046875 0.003125
0 0.83984375 0.4296875 0.00390625 0.00234375
0 0.84453125 0.4484375 0.00703125 0.00390625
0 0.86875 0.45078125 0.00859375 0.00625
0 0.62890625 0.3046875 0.0171875 0.00859375
0 0.30546875 0.2421875 0.02265625 0.009375
0 0.12578125 0.2609375 0.01015625 0.009375
0 0.12265625 0.2546875 0.00625 0.00234375
0 0.1421875 0.2546875 0.003125 0.003125
0 0.15234375 0.25390625 0.00625 0.00546875
0 0.13359375 0.26875 0.00625 0.00546875
0 0.15390625 0.09921875 0.01875 0.01484375
0 0.12734375 0.10625 0.01484375 0.00703125
0 0.13203125 0.09453125 0.015625 0.00859375
0 0.16875 0.06875 0.01015625 0.00859375
0 0.2265625 0.07734375 0.00859375 0.0046875
0 0.23671875 0.08203125 0.01328125 0.01015625
0 0.18984375 0.059375 0.009375 0.00625
0 0.2171875 0.05078125 0.0109375 0.00625
0 0.22421875 0.03125 0.00625 0.003125
0 0.25703125 0.03359375 0.01875 0.00859375
0 0.278125 0.02421875 0.00859375 0.0046875
0 0.2875 0.04296875 0.0078125 0.0046875
0 0.315625 0.034375 0.0109375 0.00625