0 0.58203125 0.171875 0.01328125 0.00859375
0 0.21015625 0.3078125 0.0171875 0.01484375
0 0.48515625 0.29375 0.01875 0.015625
0 0.409375 0.31484375 0.01171875 0.0109375
0 0.4671875 0.31875 0.01796875 0.01328125
0 0.22890625 0.39765625 0.02578125 0.01484375
0 0.240625 0.36875 0.0140625 0.00859375
0 0.33046875 0.40234375 0.0078125 0.0078125
0 0.31640625 0.44921875 0.0109375 0.00703125
0 0.5 0.47421875 0.02109375 0.021875
0 0.46171875 0.43046875 0.01953125 0.0109375
0 0.5109375 0.4234375 0.0140625 0.00859375
0 0.5328125 0.44921875 0.0125 0.0109375
0 0.43984375 0.46484375 0.02265625 0.01171875
0 0.6921875 0.434375 0.03828125 0.01328125
0 0.72734375 0.384375 0.0125 0.02109375
0 0.76953125 0.39765625 0.0140625 0.0171875
0 0.6453125 0.51640625 0.01796875 0.01484375
0 0.7171875 0.54609375 0.01875 0.0171875
0 0.8046875 0.50859375 0.01171875 0.0109375
0 0.6453125 0.56171875 0.01171875 0.0109375
0 0.67421875 0.55234375 0.01953125 0.025
0 0.74140625 0.53828125 0.0140625 0.01015625
0 0.60859375 0.55078125 0.01953125 0.01171875
0 0.62890625 0.5453125 0.0171875 0.01640625
0 0.615625 0.5640625 0.034375 0.00859375
0 0.55703125 0.546875 0.01171875 0.009375
0 0.57109375 0.51328125 0.01640625 0.00703125
0 0.26640625 0.40546875 0.01171875 0.00390625
0 0.29296875 0.39296875 0.0125 0.00703125
0 0.61796875 0.53359375 0.01640625 0.00234375
0 0.8375 0.55859375 0.00546875 0.00390625
0 0.67578125 0.51796875 0.0109375 0.0109375
0 0.74375 0.38125 0.009375 0.0125