0 0.44921875 0.23046875 0.01640625 0.01015625
0 0.38203125 0.3046875 0.00703125 0.00234375
0 0.38828125 0.28984375 0.00390625 0.00234375
0 0.371875 0.29765625 0.0046875 0.00234375
0 0.37890625 0.296875 0.00234375 0.0015625
0 0.3953125 0.2984375 0.00390625 0.003125
0 0.7015625 0.15234375 0.00703125 0.00546875
0 0.14921875 0.21484375 0.015625 0.009375
0 0.15546875 0.203125 0.00859375 0.00390625
0 0.128125 0.20546875 0.0203125 0.01015625
0 0.1203125 0.17578125 0.01171875 0.00625
0 0.121875 0.1625 0.01171875 0.00546875
0 0.13046875 0.146875 0.01171875 0.0046875
0 0.16796875 0.16328125 0.0046875 0.003125
0 0.17890625 0.16328125 0.015625 0.00703125
0 0.10546875 0.13203125 0.00703125 0.003125
0 0.13046875 0.12265625 0.0171875 0.00625
0 0.15703125 0.1203125 0.00546875 0.00234375
0 0.12890625 0.1109375 0.0078125 0.003125
0 0.16015625 0.10859375 0.00859375 0.00390625
0 0.1046875 0.16875 0.01875 0.01328125
0 0.10390625 0.1859375 0.01484375 0.0171875
0 0.1015625 0.11484375 0.003125 0.003125
0 0.09609375 0.11875 0.00234375 0.00234375
0 0.09609375 0.115625 0.003125 0.00234375
0 0.9328125 0.259375 0.0078125 0.00859375
0 0.9484375 0.253125 0.003125 0.003125
0 0.9609375 0.2203125 0.01015625 0.00859375
0 0.95078125 0.2171875 0.0046875 0.003125
0 0.9390625 0.14140625 0.00390625 0.00390625
0 0.940625 0.1453125 0.003125 0.00234375
0 0.94609375 0.14921875 0.00390625 0.003125
0 0.95703125 0.14921875 0.00625 0.00390625
0 0.953125 0.15703125 0.003125 0.00234375
0 0.9609375 0.15625 0.0015625 0.0015625
0 0.96875 0.14296875 0.00234375 0.00234375
0 0.95078125 0.15078125 0.00390625 0.00234375