0 0.4 0.053125 0.02890625 0.021875
0 0.4046875 0.0734375 0.015625 0.01015625
0 0.40703125 0.13984375 0.03203125 0.04921875
0 0.44453125 0.1765625 0.03515625 0.021875
0 0.475 0.21328125 0.034375 0.0171875
0 0.3875 0.196875 0.015625 0.01171875
0 0.4265625 0.19921875 0.01171875 0.00625
0 0.42421875 0.21328125 0.009375 0.0078125
0 0.34375 0.17578125 0.01640625 0.01484375
0 0.371875 0.1609375 0.01015625 0.0109375
0 0.521875 0.30625 0.02734375 0.02265625
0 0.30625 0.30546875 0.01796875 0.0109375
0 0.37265625 0.35 0.0203125 0.01171875
0 0.8234375 0.51171875 0.02890625 0.0140625
0 0.79296875 0.4546875 0.01171875 0.00859375