0 0.2140625 0.52265625 0.01484375 0.01015625
0 0.22421875 0.5875 0.02421875 0.0265625
0 0.2875 0.55625 0.0109375 0.0078125
0 0.38828125 0.50234375 0.0234375 0.0140625
0 0.55 0.621875 0.009375 0.00703125
0 0.621875 0.58125 0.0078125 0.00546875
0 0.31484375 0.4140625 0.0421875 0.021875
0 0.27109375 0.41953125 0.0109375 0.00703125
0 0.2625 0.39921875 0.01171875 0.0078125
0 0.2265625 0.39765625 0.0125 0.0109375
0 0.26484375 0.3640625 0.0390625 0.03203125
0 0.2109375 0.34296875 0.0609375 0.02578125
0 0.2140625 0.309375 0.04921875 0.03671875
0 0.521875 0.26796875 0.0171875 0.01328125
0 0.52890625 0.25 0.01015625 0.00625
0 0.56875 0.24296875 0.00859375 0.00546875
0 0.1640625 0.22265625 0.01328125 0.0125
0 0.12421875 0.2515625 0.0296875 0.03125
0 0.146875 0.18515625 0.0296875 0.03359375
0 0.46640625 0.1484375 0.01640625 0.0140625
0 0.3375 0.2421875 0.01953125 0.01796875
0 0.303125 0.23984375 0.0109375 0.0109375
0 0.29609375 0.271875 0.01484375 0.02265625
0 0.4515625 0.17109375 0.01640625 0.0109375
0 0.50546875 0.175 0.01328125 0.009375
0 0.50546875 0.1453125 0.01796875 0.0109375
0 0.7015625 0.21953125 0.01640625 0.009375
0 0.66875 0.1625 0.0203125 0.0125
0 0.34140625 0.20546875 0.0296875 0.01796875
0 0.23828125 0.1625 0.021875 0.01484375
0 0.275 0.1359375 0.0109375 0.009375
0 0.28984375 0.12578125 0.0125 0.00859375
0 0.31796875 0.11796875 0.0125 0.01015625
0 0.34140625 0.10390625 0.01640625 0.00859375
0 0.35234375 0.1390625 0.015625 0.0109375
0 0.365625 0.1109375 0.03671875 0.02265625
0 0.409375 0.10078125 0.01328125 0.00859375
0 0.36015625 0.0953125 0.0109375 0.00703125