0 0.31796875 0.31484375 0.0296875 0.0125
0 0.3515625 0.60625 0.02109375 0.01171875
0 0.63515625 0.5734375 0.02265625 0.01171875
0 0.7328125 0.56328125 0.025 0.02109375
0 0.60078125 0.440625 0.0171875 0.0125
0 0.6265625 0.4765625 0.01640625 0.0078125
0 0.7828125 0.42890625 0.021875 0.0109375
0 0.73828125 0.45234375 0.0078125 0.00703125
0 0.75234375 0.41484375 0.0140625 0.01015625
0 0.72421875 0.3484375 0.02890625 0.02421875
0 0.6765625 0.3375 0.03828125 0.01796875
0 0.675 0.31953125 0.02109375 0.00859375
0 0.71484375 0.25078125 0.01171875 0.0078125
0 0.7578125 0.24609375 0.03828125 0.01875
0 0.6828125 0.23203125 0.028125 0.0140625
0 0.53046875 0.2828125 0.0390625 0.0171875
0 0.48671875 0.2765625 0.0078125 0.00546875
0 0.46015625 0.27734375 0.0078125 0.00546875
0 0.49609375 0.25859375 0.01796875 0.009375
0 0.58828125 0.259375 0.09296875 0.03046875
0 0.09375 0.4296875 0.0140625 0.0078125
0 0.08125 0.37890625 0.009375 0.00625
0 0.796875 0.296875 0.01171875 0.00625
0 0.8234375 0.325 0.0109375 0.0078125
0 0.8359375 0.33515625 0.0203125 0.0109375
0 0.8125 0.3625 0.01484375 0.0078125
0 0.85859375 0.40703125 0.01640625 0.0078125
0 0.8421875 0.35234375 0.0234375 0.01015625
0 0.8515625 0.37578125 0.0453125 0.03046875
0 0.45390625 0.3 0.02578125 0.01796875
0 0.35234375 0.23828125 0.01328125 0.00703125
0 0.76953125 0.45390625 0.040625 0.0296875
0 0.2703125 0.2265625 0.04296875 0.01328125