0 0.59375 0.2578125 0.0125 0.00703125
0 0.68203125 0.33828125 0.00859375 0.01015625
0 0.75625 0.2609375 0.0140625 0.00625
0 0.8125 0.2046875 0.00703125 0.00859375
0 0.67109375 0.19765625 0.0140625 0.00859375
0 0.68359375 0.1859375 0.009375 0.00390625
0 0.71328125 0.2734375 0.00859375 0.00625
0 0.75 0.275 0.00703125 0.00625
0 0.825 0.2328125 0.015625 0.0046875
0 0.82265625 0.2265625 0.021875 0.00546875
0 0.715625 0.2078125 0.01171875 0.0109375
0 0.340625 0.35390625 0.015625 0.01015625
0 0.21640625 0.32265625 0.00859375 0.00625
0 0.68359375 0.1953125 0.00390625 0.0046875
0 0.69140625 0.20234375 0.003125 0.0015625
0 0.70234375 0.2078125 0.00234375 0.00234375
0 0.7484375 0.215625 0.0015625 0.00234375
0 0.76875 0.21328125 0.003125 0.003125
0 0.68671875 0.221875 0.0046875 0.00234375
0 0.80703125 0.23125 0.00546875 0.0046875
0 0.8328125 0.21328125 0.0046875 0.00390625
0 0.8421875 0.23046875 0.00234375 0.00625
0 0.7078125 0.2578125 0.0046875 0.00234375
0 0.6125 0.265625 0.00703125 0.0078125
0 0.78671875 0.2140625 0.00703125 0.00390625
0 0.81171875 0.21640625 0.00625 0.0046875
0 0.78515625 0.178125 0.0046875 0.00546875
0 0.81328125 0.1625 0.00234375 0.003125
0 0.81953125 0.165625 0.00546875 0.003125
0 0.60859375 0.28359375 0.0078125 0.00625
0 0.7328125 0.25234375 0.00625 0.00390625
0 0.73515625 0.3078125 0.0046875 0.00234375
0 0.6890625 0.32421875 0.00703125 0.0046875
0 0.8359375 0.24765625 0.00546875 0.00390625
0 0.78984375 0.24375 0.00390625 0.00390625
0 0.7890625 0.22265625 0.00390625 0.00234375
0 0.84140625 0.22421875 0.00859375 0.003125