0 0.475 0.2421875 0.0265625 0.01875
0 0.5125 0.2734375 0.015625 0.01328125
0 0.4828125 0.36171875 0.03046875 0.0171875
0 0.509375 0.34453125 0.021875 0.0125
0 0.4578125 0.34375 0.01484375 0.0109375
0 0.43984375 0.2625 0.0234375 0.0140625
0 0.36328125 0.20234375 0.028125 0.02109375
0 0.4015625 0.22265625 0.01328125 0.0078125
0 0.26640625 0.265625 0.0328125 0.01015625
0 0.2171875 0.290625 0.02734375 0.01875
0 0.25703125 0.203125 0.021875 0.01171875
0 0.3015625 0.20234375 0.02109375 0.01171875
0 0.33046875 0.19453125 0.0125 0.01015625
0 0.23125 0.20859375 0.01640625 0.01171875
0 0.153125 0.215625 0.0171875 0.01484375
0 0.14296875 0.1796875 0.01484375 0.01484375
0 0.17265625 0.28359375 0.01484375 0.0125
0 0.24140625 0.2859375 0.01015625 0.015625
0 0.32421875 0.28671875 0.0078125 0.00859375
0 0.409375 0.29921875 0.009375 0.0109375
0 0.42734375 0.31953125 0.0125 0.0078125
0 0.459375 0.2796875 0.01640625 0.0109375
0 0.525 0.24609375 0.0265625 0.0140625
0 0.484375 0.2125 0.03046875 0.01171875
0 0.76640625 0.2703125 0.02578125 0.01015625
0 0.32109375 0.21953125 0.02265625 0.01015625
0 0.29765625 0.24140625 0.0109375 0.00703125
0 0.759375 0.296875 0.01015625 0.01015625
0 0.653125 0.2765625 0.01484375 0.0109375
0 0.6671875 0.234375 0.0125 0.00625
0 0.725 0.265625 0.01015625 0.0078125
0 0.5765625 0.21171875 0.01875 0.0109375
0 0.44296875 0.228125 0.01328125 0.00859375
0 0.428125 0.18984375 0.0109375 0.009375
0 0.259375 0.190625 0.021875 0.00859375
0 0.18984375 0.21875 0.0203125 0.01328125