0 0.3875 0.26640625 0.02890625 0.01875
0 0.46953125 0.2609375 0.015625 0.009375
0 0.4265625 0.2265625 0.02265625 0.0171875
0 0.559375 0.175 0.0125 0.00625
0 0.73515625 0.12578125 0.01953125 0.01328125
0 0.16484375 0.3984375 0.028125 0.01875
0 0.16015625 0.42421875 0.02265625 0.0171875
0 0.3671875 0.5 0.0140625 0.009375
0 0.40234375 0.4703125 0.046875 0.01875
0 0.38984375 0.45 0.02265625 0.0125
0 0.346875 0.42734375 0.03125 0.0390625
0 0.77421875 0.4125 0.02265625 0.0203125
0 0.646875 0.32890625 0.025 0.0171875
0 0.16015625 0.484375 0.04609375 0.01796875
0 0.1796875 0.3359375 0.0203125 0.0109375
0 0.25078125 0.359375 0.0265625 0.01640625
0 0.1890625 0.309375 0.02421875 0.01015625
0 0.22578125 0.325 0.0421875 0.03984375
0 0.19609375 0.36640625 0.04765625 0.025
0 0.29609375 0.30390625 0.0171875 0.0125
0 0.40859375 0.303125 0.015625 0.0109375
0 0.39296875 0.30859375 0.01015625 0.00703125
0 0.4546875 0.30078125 0.0109375 0.00859375
0 0.60546875 0.3359375 0.01796875 0.00859375
0 0.61953125 0.30625 0.01875 0.01640625
0 0.64765625 0.2671875 0.02109375 0.01171875
0 0.609375 0.1015625 0.028125 0.0171875
0 0.5046875 0.1359375 0.009375 0.00546875