0 0.2828125 0.62109375 0.01640625 0.01015625
0 0.32734375 0.64140625 0.015625 0.009375
0 0.34921875 0.6078125 0.01328125 0.00703125
0 0.38125 0.62734375 0.028125 0.0171875
0 0.4296875 0.64609375 0.0140625 0.0140625
0 0.48125 0.61015625 0.02578125 0.0140625
0 0.5 0.56484375 0.02734375 0.009375
0 0.5125 0.5703125 0.009375 0.00546875
0 0.5375 0.609375 0.01953125 0.009375
0 0.54609375 0.57421875 0.00859375 0.0046875
0 0.5859375 0.6046875 0.01875 0.0125
0 0.653125 0.5671875 0.03046875 0.01640625
0 0.7109375 0.55390625 0.03125 0.02109375
0 0.68828125 0.58046875 0.02890625 0.02734375
0 0.565625 0.63046875 0.03671875 0.03203125
0 0.34140625 0.6828125 0.00546875 0.00625
0 0.34609375 0.671875 0.00546875 0.00703125
0 0.3546875 0.6796875 0.009375 0.0078125
0 0.85859375 0.35078125 0.01171875 0.009375
0 0.85546875 0.359375 0.003125 0.003125
0 0.83203125 0.3640625 0.00390625 0.00390625
0 0.82421875 0.34453125 0.0046875 0.00390625
0 0.84296875 0.3390625 0.003125 0.0046875
0 0.85625 0.3359375 0.00546875 0.00546875
0 0.640625 0.32578125 0.01796875 0.0109375
0 0.4359375 0.1765625 0.009375 0.00703125
0 0.40625 0.68671875 0.00859375 0.00546875
0 0.4421875 0.66796875 0.00703125 0.00703125
0 0.43359375 0.6671875 0.00546875 0.0046875
0 0.46171875 0.665625 0.0171875 0.015625
0 0.446875 0.66015625 0.00234375 0.00234375
0 0.43984375 0.6609375 0.003125 0.00234375
0 0.64375 0.60546875 0.01171875 0.0078125
0 0.63359375 0.59609375 0.0078125 0.0046875
0 0.6546875 0.59609375 0.0109375 0.00703125