0 0.1984375 0.53125 0.01015625 0.00703125
0 0.12265625 0.484375 0.01015625 0.00546875
0 0.30703125 0.34765625 0.0234375 0.01171875
0 0.41875 0.30078125 0.0390625 0.01796875
0 0.40546875 0.27421875 0.00859375 0.00703125
0 0.4328125 0.265625 0.01015625 0.0078125
0 0.425 0.24765625 0.0140625 0.009375
0 0.47890625 0.2625 0.040625 0.02421875
0 0.5125 0.23046875 0.0890625 0.0328125
0 0.62734375 0.6140625 0.01484375 0.01015625
0 0.8296875 0.5 0.01796875 0.009375
0 0.68046875 0.39296875 0.01875 0.0109375
0 0.73359375 0.41796875 0.0125 0.00703125
0 0.7078125 0.3953125 0.0109375 0.0046875
0 0.82109375 0.3390625 0.015625 0.00859375
0 0.80078125 0.3671875 0.01171875 0.00703125
0 0.771875 0.3515625 0.00703125 0.00546875
0 0.784375 0.33515625 0.0109375 0.00546875
0 0.25625 0.2609375 0.0125 0.0078125
0 0.1640625 0.26875 0.04453125 0.01796875
0 0.62109375 0.19296875 0.01015625 0.0078125
0 0.5796875 0.178125 0.0296875 0.01640625
0 0.6578125 0.178125 0.040625 0.02265625
0 0.70625 0.28046875 0.02265625 0.015625
0 0.6578125 0.28046875 0.040625 0.01484375
0 0.834375 0.35859375 0.0265625 0.0125
0 0.89453125 0.465625 0.021875 0.0109375
0 0.78203125 0.24453125 0.021875 0.01171875
0 0.80234375 0.2578125 0.00859375 0.00625
0 0.83203125 0.27890625 0.04375 0.01953125
0 0.78828125 0.27578125 0.0140625 0.0078125
0 0.85546875 0.3046875 0.015625 0.0078125
0 0.87578125 0.325 0.02109375 0.01171875