0 0.3875 0.36640625 0.0203125 0.02109375
0 0.434375 0.34921875 0.0140625 0.01484375
0 0.36640625 0.39375 0.01796875 0.01484375
0 0.3125 0.41484375 0.01796875 0.01796875
0 0.4390625 0.3203125 0.01953125 0.0109375
0 0.503125 0.2859375 0.015625 0.009375
0 0.61171875 0.24453125 0.025 0.01328125
0 0.73984375 0.23671875 0.01953125 0.0171875
0 0.5796875 0.27421875 0.0125 0.01484375
0 0.5140625 0.26484375 0.0109375 0.0078125
0 0.47421875 0.30390625 0.0140625 0.009375
0 0.46875 0.34375 0.01015625 0.00625
0 0.48046875 0.36171875 0.009375 0.00625
0 0.45390625 0.37890625 0.00703125 0.0046875
0 0.34453125 0.3796875 0.009375 0.00703125
0 0.43046875 0.46015625 0.01875 0.01328125
0 0.378125 0.47421875 0.01015625 0.009375
0 0.40546875 0.39609375 0.00703125 0.00546875
0 0.41796875 0.39609375 0.009375 0.00625
0 0.4125 0.42421875 0.00546875 0.0046875
0 0.4296875 0.4328125 0.0078125 0.00625
0 0.54765625 0.26328125 0.01171875 0.00703125
0 0.52734375 0.296875 0.0109375 0.00859375
0 0.49375 0.29921875 0.0109375 0.0078125
0 0.42265625 0.2734375 0.01484375 0.003125
0 0.48125 0.25546875 0.01640625 0.00625
0 0.415625 0.28671875 0.0109375 0.00703125
0 0.48046875 0.33125 0.00546875 0.0046875
0 0.4875 0.3171875 0.00625 0.00390625
0 0.509375 0.30234375 0.009375 0.00703125
0 0.50234375 0.3234375 0.00859375 0.00859375
0 0.459375 0.3546875 0.00625 0.00390625
0 0.49375 0.3515625 0.00859375 0.00390625
0 0.51171875 0.3171875 0.00546875 0.00625
0 0.4921875 0.32578125 0.00625 0.00390625
0 0.51953125 0.28671875 0.00703125 0.00390625
0 0.54453125 0.27890625 0.00390625 0.0046875
0 0.528125 0.28828125 0.00546875 0.00234375
0 0.4515625 0.33515625 0.003125 0.003125
0 0.6390625 0.16875 0.00546875 0.009375
0 0.49140625 0.33515625 0.01015625 0.00390625
0 0.53515625 0.30703125 0.003125 0.003125
0 0.534375 0.2859375 0.0046875 0.003125
0 0.5375 0.2890625 0.00703125 0.00234375
0 0.45546875 0.29453125 0.01015625 0.0046875
0 0.43046875 0.3078125 0.01015625 0.003125
0 0.43671875 0.27109375 0.0078125 0.00546875
0 0.48984375 0.3078125 0.00625 0.00390625
0 0.4828125 0.32265625 0.0078125 0.00546875
0 0.459375 0.278125 0.00859375 0.0046875
0 0.4578125 0.39296875 0.00546875 0.00234375
0 0.4125 0.40234375 0.0078125 0.00390625
0 0.47265625 0.3359375 0.0046875 0.00390625
0 0.49453125 0.31875 0.00390625 0.003125
0 0.50078125 0.31171875 0.00625 0.0046875
0 0.4578125 0.26171875 0.00703125 0.00703125