0 0.53515625 0.30859375 0.01953125 0.01328125
0 0.41875 0.41640625 0.01796875 0.0125
0 0.52265625 0.4359375 0.0296875 0.025
0 0.7390625 0.34453125 0.02421875 0.01328125
0 0.69921875 0.35625 0.028125 0.01484375
0 0.87265625 0.3296875 0.05546875 0.0515625
0 0.8875 0.33046875 0.009375 0.0125
0 0.90390625 0.2734375 0.02265625 0.01328125
0 0.84296875 0.29765625 0.021875 0.0125
0 0.76015625 0.2625 0.0265625 0.01953125
0 0.896875 0.23515625 0.01015625 0.00703125
0 0.7203125 0.240625 0.0359375 0.015625
0 0.74375 0.22890625 0.01328125 0.0078125
0 0.7109375 0.2140625 0.01953125 0.0109375
0 0.90703125 0.17890625 0.0453125 0.0234375
0 0.85234375 0.1828125 0.01484375 0.0109375
0 0.8359375 0.15703125 0.03515625 0.015625
0 0.6328125 0.1765625 0.04375 0.01640625
0 0.67890625 0.1625 0.0484375 0.0109375
0 0.6890625 0.1515625 0.00859375 0.0046875
0 0.734375 0.1671875 0.059375 0.01328125
0 0.62109375 0.1515625 0.021875 0.0125
0 0.57109375 0.1609375 0.009375 0.00546875
0 0.596875 0.1640625 0.009375 0.00546875
0 0.53984375 0.17734375 0.0359375 0.01640625
0 0.153125 0.36875 0.0171875 0.01171875
0 0.13515625 0.21015625 0.0109375 0.00625
0 0.17109375 0.1765625 0.01015625 0.00546875
0 0.40625 0.16640625 0.02265625 0.0109375
0 0.71875 0.3265625 0.01015625 0.01015625
0 0.665625 0.3515625 0.01328125 0.00703125