0 0.36875 0.575 0.01640625 0.0125
0 0.2765625 0.378125 0.02578125 0.0171875
0 0.03984375 0.35546875 0.04609375 0.025
0 0.12578125 0.31328125 0.0171875 0.009375
0 0.13203125 0.3671875 0.0171875 0.0125
0 0.34765625 0.2453125 0.0375 0.0234375
0 0.2828125 0.24609375 0.025 0.01796875
0 0.328125 0.30078125 0.03984375 0.028125
0 0.30703125 0.2640625 0.01015625 0.00625
0 0.28984375 0.278125 0.01015625 0.00703125
0 0.34296875 0.20625 0.07421875 0.05234375
0 0.4140625 0.14296875 0.0171875 0.01328125
0 0.428125 0.1203125 0.0390625 0.02890625
0 0.36484375 0.14140625 0.02578125 0.0234375
0 0.240625 0.565625 0.01171875 0.01015625
0 0.7921875 0.490625 0.01484375 0.0109375
0 0.63828125 0.29921875 0.0171875 0.01015625
0 0.6625 0.29375 0.0125 0.00859375
0 0.7 0.30625 0.01015625 0.0078125
0 0.7 0.21875 0.01484375 0.0109375
0 0.671875 0.24140625 0.0109375 0.00625
0 0.70859375 0.24921875 0.01171875 0.00703125
0 0.73046875 0.22890625 0.0296875 0.0125
0 0.5109375 0.20859375 0.0359375 0.025
0 0.56171875 0.19921875 0.0359375 0.01640625
0 0.575 0.14765625 0.00546875 0.00625
0 0.59375 0.14765625 0.01640625 0.009375
0 0.61875 0.1546875 0.0109375 0.00859375
0 0.625 0.17421875 0.0125 0.0078125
0 0.65703125 0.1625 0.04375 0.02421875
0 0.69765625 0.1796875 0.0125 0.00703125
0 0.72890625 0.1921875 0.0109375 0.00546875
0 0.67109375 0.22578125 0.01328125 0.00546875
0 0.840625 0.34453125 0.0171875 0.0125