0 0.50546875 0.45546875 0.01328125 0.009375
0 0.578125 0.4734375 0.01640625 0.0140625
0 0.296875 0.41171875 0.0109375 0.0078125
0 0.61328125 0.43125 0.00625 0.0046875
0 0.6125 0.4265625 0.00390625 0.00234375
0 0.5953125 0.46015625 0.00390625 0.003125
0 0.69921875 0.4 0.01484375 0.009375
0 0.70078125 0.3890625 0.00546875 0.00546875
0 0.675 0.38125 0.00859375 0.0046875
0 0.72578125 0.37578125 0.0203125 0.0125
0 0.5671875 0.3703125 0.01171875 0.00859375
0 0.5875 0.34375 0.009375 0.01015625
0 0.575 0.32734375 0.0140625 0.009375
0 0.6859375 0.3546875 0.00625 0.0046875
0 0.71484375 0.353125 0.00703125 0.00625
0 0.7234375 0.35 0.0046875 0.00234375
0 0.66640625 0.32109375 0.009375 0.0046875
0 0.70546875 0.2890625 0.00859375 0.00390625
0 0.75390625 0.26953125 0.0203125 0.025
0 0.72421875 0.23828125 0.028125 0.01640625
0 0.78203125 0.3546875 0.00703125 0.00703125
0 0.81015625 0.31796875 0.01484375 0.0125
0 0.7421875 0.2234375 0.01953125 0.00859375
0 0.8609375 0.290625 0.009375 0.00859375
0 0.82578125 0.3390625 0.025 0.025
0 0.8484375 0.334375 0.0125 0.01015625
0 0.80546875 0.3734375 0.01015625 0.00625
0 0.853125 0.2390625 0.01171875 0.0078125
0 0.8671875 0.23515625 0.00625 0.0046875
0 0.8625 0.2765625 0.0109375 0.00546875