0 0.5234375 0.30390625 0.0203125 0.0140625
0 0.51953125 0.3234375 0.0125 0.0109375
0 0.47734375 0.334375 0.0125 0.01328125
0 0.33359375 0.365625 0.01484375 0.009375
0 0.2078125 0.23046875 0.0109375 0.0078125
0 0.3734375 0.40078125 0.00546875 0.0046875
0 0.375 0.41875 0.02421875 0.0109375
0 0.4578125 0.43515625 0.00859375 0.003125
0 0.4546875 0.40390625 0.00625 0.00390625
0 0.56171875 0.4203125 0.03203125 0.0140625
0 0.53828125 0.41640625 0.01015625 0.0046875
0 0.6109375 0.41875 0.025 0.01640625
0 0.5609375 0.3984375 0.01171875 0.00546875
0 0.59609375 0.38203125 0.0109375 0.00546875
0 0.625 0.3953125 0.01171875 0.00703125
0 0.6359375 0.3984375 0.0046875 0.00234375
0 0.68515625 0.4328125 0.0125 0.0078125
0 0.73359375 0.44296875 0.053125 0.021875
0 0.71953125 0.46640625 0.01640625 0.01015625
0 0.746875 0.41796875 0.02265625 0.015625
0 0.78125 0.43125 0.02734375 0.00703125
0 0.7671875 0.4125 0.0125 0.0109375
0 0.7390625 0.34609375 0.034375 0.02109375
0 0.73828125 0.30703125 0.028125 0.02265625
0 0.77109375 0.30703125 0.01796875 0.01015625