0 0.61796875 0.41953125 0.0484375 0.0296875
0 0.39296875 0.45546875 0.02421875 0.01875
0 0.88828125 0.48359375 0.009375 0.01015625
0 0.9015625 0.478125 0.00859375 0.00625
0 0.9203125 0.5765625 0.08046875 0.13828125
0 0.8421875 0.65703125 0.01953125 0.01484375
0 0.7859375 0.64609375 0.0078125 0.0046875
0 0.81484375 0.63515625 0.0109375 0.0109375
0 0.79140625 0.67734375 0.01015625 0.01015625
0 0.82890625 0.68984375 0.0296875 0.0265625
0 0.7515625 0.815625 0.01953125 0.025
0 0.66640625 0.82265625 0.01640625 0.01328125
0 0.76171875 0.75546875 0.0140625 0.0125
0 0.6765625 0.7 0.0109375 0.01171875
0 0.68046875 0.66640625 0.01328125 0.0125
0 0.6609375 0.6515625 0.0171875 0.01640625
0 0.746875 0.61796875 0.01328125 0.0140625
0 0.80703125 0.54140625 0.0265625 0.0296875
0 0.7546875 0.51796875 0.0359375 0.0140625
0 0.5359375 0.4359375 0.03515625 0.0296875
0 0.58828125 0.38203125 0.025 0.01171875
0 0.5453125 0.4046875 0.01171875 0.00625
0 0.57421875 0.40703125 0.0078125 0.00625
0 0.43359375 0.3296875 0.01796875 0.0109375
0 0.63125 0.353125 0.0109375 0.009375
0 0.34140625 0.3109375 0.04453125 0.0203125
0 0.171875 0.60625 0.01328125 0.01171875
0 0.153125 0.53203125 0.01328125 0.0109375
0 0.09453125 0.61328125 0.0171875 0.01328125
0 0.41015625 0.83984375 0.01796875 0.01171875
0 0.80078125 0.36328125 0.0375 0.02421875
0 0.88359375 0.39765625 0.04140625 0.0359375
0 0.83125 0.3984375 0.01328125 0.0125